X	Y	Elevation
0	0	0.01
1	0	0.01
2	0	0.01
3	0	0.01
4	0	0.01
5	0	0.01
6	0	0.01
7	0	0.01
8	0	0.01
9	0	0.01
10	0	0.01
11	0	0.01
12	0	0.01
13	0	0.01
14	0	0.01
15	0	0.01
16	0	0.01
17	0	0.01
18	0	0.01
19	0	0.01
20	0	0.01
21	0	0.01
22	0	0.01
23	0	0.01
24	0	0.01
25	0	0.01
26	0	0.01
27	0	0.01
28	0	0.01
29	0	0.01
30	0	0.01
31	0	0.01
32	0	0.01
33	0	0.01
34	0	0.01
35	0	0.01
36	0	0.01
37	0	0.01
38	0	0.01
39	0	0.01
40	0	0.01
41	0	0.01
42	0	0.01
43	0	0.01
44	0	0.01
45	0	0.01
46	0	0.01
47	0	0.01
48	0	0.01
49	0	0.01
50	0	0.01
51	0	0.01
52	0	0.01
53	0	0.01
54	0	0.01
55	0	0.01
56	0	0.01
57	0	0.01
58	0	0.01
59	0	0.01
60	0	0.01
61	0	0.01
62	0	0.01
63	0	0.01
64	0	0.01
65	0	0.01
66	0	0.01
67	0	0.01
68	0	0.01
69	0	0.01
70	0	0.01
71	0	0.01
72	0	0.01
73	0	0.01
74	0	0.01
75	0	0.01
76	0	0.01
77	0	0.01
78	0	0.01
79	0	0.01
80	0	0.01
81	0	0.01
82	0	0.01
83	0	0.01
84	0	0.01
85	0	0.01
86	0	0.01
87	0	0.01
88	0	0.01
89	0	0.01
90	0	0.01
91	0	0.01
92	0	0.01
93	0	0.01
94	0	0.01
95	0	0.01
96	0	0.01
97	0	0.01
98	0	0.01
99	0	0.01
100	0	0.01
101	0	0.01
102	0	0.01
103	0	0.01
104	0	0.01
105	0	0.01
106	0	0.01
107	0	0.01
108	0	0.01
109	0	0.01
110	0	0.01
111	0	0.01
112	0	0.01
113	0	0.01
114	0	0.01
115	0	0.01
116	0	0.01
117	0	0.01
118	0	0.01
119	0	0.01
120	0	0.01
121	0	0.01
122	0	0.01
123	0	0.01
124	0	0.01
125	0	0.01
126	0	0.01
127	0	0.01
128	0	0.01
129	0	0.01
130	0	0.01
131	0	0.01
132	0	0.01
133	0	0.01
134	0	0.01
135	0	0.01
136	0	0.01
137	0	0.01
138	0	0.01
139	0	0.01
140	0	0.01
141	0	0.01
142	0	0.01
143	0	0.01
144	0	0.01
145	0	0.01
146	0	0.01
147	0	0.01
148	0	0.01
149	0	0.01
0	1	0.02
1	1	0.02
2	1	0.02
3	1	0.02
4	1	0.02
5	1	0.02
6	1	0.02
7	1	0.02
8	1	0.02
9	1	0.02
10	1	0.02
11	1	0.02
12	1	0.02
13	1	0.02
14	1	0.02
15	1	0.02
16	1	0.02
17	1	0.02
18	1	0.02
19	1	0.02
20	1	0.02
21	1	0.02
22	1	0.02
23	1	0.02
24	1	0.02
25	1	0.02
26	1	0.02
27	1	0.02
28	1	0.02
29	1	0.02
30	1	0.02
31	1	0.02
32	1	0.02
33	1	0.02
34	1	0.02
35	1	0.02
36	1	0.02
37	1	0.02
38	1	0.02
39	1	0.02
40	1	0.02
41	1	0.02
42	1	0.02
43	1	0.02
44	1	0.02
45	1	0.02
46	1	0.02
47	1	0.02
48	1	0.02
49	1	0.02
50	1	0.02
51	1	0.02
52	1	0.02
53	1	0.02
54	1	0.02
55	1	0.02
56	1	0.02
57	1	0.02
58	1	0.02
59	1	0.02
60	1	0.02
61	1	0.02
62	1	0.02
63	1	0.02
64	1	0.02
65	1	0.02
66	1	0.02
67	1	0.02
68	1	0.02
69	1	0.02
70	1	0.02
71	1	0.02
72	1	0.02
73	1	0.02
74	1	0.02
75	1	0.02
76	1	0.02
77	1	0.02
78	1	0.02
79	1	0.02
80	1	0.02
81	1	0.02
82	1	0.02
83	1	0.02
84	1	0.02
85	1	0.02
86	1	0.02
87	1	0.02
88	1	0.02
89	1	0.02
90	1	0.02
91	1	0.02
92	1	0.02
93	1	0.02
94	1	0.02
95	1	0.02
96	1	0.02
97	1	0.02
98	1	0.02
99	1	0.02
100	1	0.02
101	1	0.02
102	1	0.02
103	1	0.02
104	1	0.02
105	1	0.02
106	1	0.02
107	1	0.02
108	1	0.02
109	1	0.02
110	1	0.02
111	1	0.02
112	1	0.02
113	1	0.02
114	1	0.02
115	1	0.02
116	1	0.02
117	1	0.02
118	1	0.02
119	1	0.02
120	1	0.02
121	1	0.02
122	1	0.02
123	1	0.02
124	1	0.02
125	1	0.02
126	1	0.02
127	1	0.02
128	1	0.02
129	1	0.02
130	1	0.02
131	1	0.02
132	1	0.02
133	1	0.02
134	1	0.02
135	1	0.02
136	1	0.02
137	1	0.02
138	1	0.02
139	1	0.02
140	1	0.02
141	1	0.02
142	1	0.02
143	1	0.02
144	1	0.02
145	1	0.02
146	1	0.02
147	1	0.02
148	1	0.02
149	1	0.02
0	2	0.03
1	2	0.03
2	2	0.03
3	2	0.03
4	2	0.03
5	2	0.03
6	2	0.03
7	2	0.03
8	2	0.03
9	2	0.03
10	2	0.03
11	2	0.03
12	2	0.03
13	2	0.03
14	2	0.03
15	2	0.03
16	2	0.03
17	2	0.03
18	2	0.03
19	2	0.03
20	2	0.03
21	2	0.03
22	2	0.03
23	2	0.03
24	2	0.03
25	2	0.03
26	2	0.03
27	2	0.03
28	2	0.03
29	2	0.03
30	2	0.03
31	2	0.03
32	2	0.03
33	2	0.03
34	2	0.03
35	2	0.03
36	2	0.03
37	2	0.03
38	2	0.03
39	2	0.03
40	2	0.03
41	2	0.03
42	2	0.03
43	2	0.03
44	2	0.03
45	2	0.03
46	2	0.03
47	2	0.03
48	2	0.03
49	2	0.03
50	2	0.03
51	2	0.03
52	2	0.03
53	2	0.03
54	2	0.03
55	2	0.03
56	2	0.03
57	2	0.03
58	2	0.03
59	2	0.03
60	2	0.03
61	2	0.03
62	2	0.03
63	2	0.03
64	2	0.03
65	2	0.03
66	2	0.03
67	2	0.03
68	2	0.03
69	2	0.03
70	2	0.03
71	2	0.03
72	2	0.03
73	2	0.03
74	2	0.03
75	2	0.03
76	2	0.03
77	2	0.03
78	2	0.03
79	2	0.03
80	2	0.03
81	2	0.03
82	2	0.03
83	2	0.03
84	2	0.03
85	2	0.03
86	2	0.03
87	2	0.03
88	2	0.03
89	2	0.03
90	2	0.03
91	2	0.03
92	2	0.03
93	2	0.03
94	2	0.03
95	2	0.03
96	2	0.03
97	2	0.03
98	2	0.03
99	2	0.03
100	2	0.03
101	2	0.03
102	2	0.03
103	2	0.03
104	2	0.03
105	2	0.03
106	2	0.03
107	2	0.03
108	2	0.03
109	2	0.03
110	2	0.03
111	2	0.03
112	2	0.03
113	2	0.03
114	2	0.03
115	2	0.03
116	2	0.03
117	2	0.03
118	2	0.03
119	2	0.03
120	2	0.03
121	2	0.03
122	2	0.03
123	2	0.03
124	2	0.03
125	2	0.03
126	2	0.03
127	2	0.03
128	2	0.03
129	2	0.03
130	2	0.03
131	2	0.03
132	2	0.03
133	2	0.03
134	2	0.03
135	2	0.03
136	2	0.03
137	2	0.03
138	2	0.03
139	2	0.03
140	2	0.03
141	2	0.03
142	2	0.03
143	2	0.03
144	2	0.03
145	2	0.03
146	2	0.03
147	2	0.03
148	2	0.03
149	2	0.03
0	3	0.04
1	3	0.04
2	3	0.04
3	3	0.04
4	3	0.04
5	3	0.04
6	3	0.04
7	3	0.04
8	3	0.04
9	3	0.04
10	3	0.04
11	3	0.04
12	3	0.04
13	3	0.04
14	3	0.04
15	3	0.04
16	3	0.04
17	3	0.04
18	3	0.04
19	3	0.04
20	3	0.04
21	3	0.04
22	3	0.04
23	3	0.04
24	3	0.04
25	3	0.04
26	3	0.04
27	3	0.04
28	3	0.04
29	3	0.04
30	3	0.04
31	3	0.04
32	3	0.04
33	3	0.04
34	3	0.04
35	3	0.04
36	3	0.04
37	3	0.04
38	3	0.04
39	3	0.04
40	3	0.04
41	3	0.04
42	3	0.04
43	3	0.04
44	3	0.04
45	3	0.04
46	3	0.04
47	3	0.04
48	3	0.04
49	3	0.04
50	3	0.04
51	3	0.04
52	3	0.04
53	3	0.04
54	3	0.04
55	3	0.04
56	3	0.04
57	3	0.04
58	3	0.04
59	3	0.04
60	3	0.04
61	3	0.04
62	3	0.04
63	3	0.04
64	3	0.04
65	3	0.04
66	3	0.04
67	3	0.04
68	3	0.04
69	3	0.04
70	3	0.04
71	3	0.04
72	3	0.04
73	3	0.04
74	3	0.04
75	3	0.04
76	3	0.04
77	3	0.04
78	3	0.04
79	3	0.04
80	3	0.04
81	3	0.04
82	3	0.04
83	3	0.04
84	3	0.04
85	3	0.04
86	3	0.04
87	3	0.04
88	3	0.04
89	3	0.04
90	3	0.04
91	3	0.04
92	3	0.04
93	3	0.04
94	3	0.04
95	3	0.04
96	3	0.04
97	3	0.04
98	3	0.04
99	3	0.04
100	3	0.04
101	3	0.04
102	3	0.04
103	3	0.04
104	3	0.04
105	3	0.04
106	3	0.04
107	3	0.04
108	3	0.04
109	3	0.04
110	3	0.04
111	3	0.04
112	3	0.04
113	3	0.04
114	3	0.04
115	3	0.04
116	3	0.04
117	3	0.04
118	3	0.04
119	3	0.04
120	3	0.04
121	3	0.04
122	3	0.04
123	3	0.04
124	3	0.04
125	3	0.04
126	3	0.04
127	3	0.04
128	3	0.04
129	3	0.04
130	3	0.04
131	3	0.04
132	3	0.04
133	3	0.04
134	3	0.04
135	3	0.04
136	3	0.04
137	3	0.04
138	3	0.04
139	3	0.04
140	3	0.04
141	3	0.04
142	3	0.04
143	3	0.04
144	3	0.04
145	3	0.04
146	3	0.04
147	3	0.04
148	3	0.04
149	3	0.04
0	4	0.05
1	4	0.05
2	4	0.05
3	4	0.05
4	4	0.05
5	4	0.05
6	4	0.05
7	4	0.05
8	4	0.05
9	4	0.05
10	4	0.05
11	4	0.05
12	4	0.05
13	4	0.05
14	4	0.05
15	4	0.05
16	4	0.05
17	4	0.05
18	4	0.05
19	4	0.05
20	4	0.05
21	4	0.05
22	4	0.05
23	4	0.05
24	4	0.05
25	4	0.05
26	4	0.05
27	4	0.05
28	4	0.05
29	4	0.05
30	4	0.05
31	4	0.05
32	4	0.05
33	4	0.05
34	4	0.05
35	4	0.05
36	4	0.05
37	4	0.05
38	4	0.05
39	4	0.05
40	4	0.05
41	4	0.05
42	4	0.05
43	4	0.05
44	4	0.05
45	4	0.05
46	4	0.05
47	4	0.05
48	4	0.05
49	4	0.05
50	4	0.05
51	4	0.05
52	4	0.05
53	4	0.05
54	4	0.05
55	4	0.05
56	4	0.05
57	4	0.05
58	4	0.05
59	4	0.05
60	4	0.05
61	4	0.05
62	4	0.05
63	4	0.05
64	4	0.05
65	4	0.05
66	4	0.05
67	4	0.05
68	4	0.05
69	4	0.05
70	4	0.05
71	4	0.05
72	4	0.05
73	4	0.05
74	4	0.05
75	4	0.05
76	4	0.05
77	4	0.05
78	4	0.05
79	4	0.05
80	4	0.05
81	4	0.05
82	4	0.05
83	4	0.05
84	4	0.05
85	4	0.05
86	4	0.05
87	4	0.05
88	4	0.05
89	4	0.05
90	4	0.05
91	4	0.05
92	4	0.05
93	4	0.05
94	4	0.05
95	4	0.05
96	4	0.05
97	4	0.05
98	4	0.05
99	4	0.05
100	4	0.05
101	4	0.05
102	4	0.05
103	4	0.05
104	4	0.05
105	4	0.05
106	4	0.05
107	4	0.05
108	4	0.05
109	4	0.05
110	4	0.05
111	4	0.05
112	4	0.05
113	4	0.05
114	4	0.05
115	4	0.05
116	4	0.05
117	4	0.05
118	4	0.05
119	4	0.05
120	4	0.05
121	4	0.05
122	4	0.05
123	4	0.05
124	4	0.05
125	4	0.05
126	4	0.05
127	4	0.05
128	4	0.05
129	4	0.05
130	4	0.05
131	4	0.05
132	4	0.05
133	4	0.05
134	4	0.05
135	4	0.05
136	4	0.05
137	4	0.05
138	4	0.05
139	4	0.05
140	4	0.05
141	4	0.05
142	4	0.05
143	4	0.05
144	4	0.05
145	4	0.05
146	4	0.05
147	4	0.05
148	4	0.05
149	4	0.05
0	5	0.06
1	5	0.06
2	5	0.06
3	5	0.06
4	5	0.06
5	5	0.06
6	5	0.06
7	5	0.06
8	5	0.06
9	5	0.06
10	5	0.06
11	5	0.06
12	5	0.06
13	5	0.06
14	5	0.06
15	5	0.06
16	5	0.06
17	5	0.06
18	5	0.06
19	5	0.06
20	5	0.06
21	5	0.06
22	5	0.06
23	5	0.06
24	5	0.06
25	5	0.06
26	5	0.06
27	5	0.06
28	5	0.06
29	5	0.06
30	5	0.06
31	5	0.06
32	5	0.06
33	5	0.06
34	5	0.06
35	5	0.06
36	5	0.06
37	5	0.06
38	5	0.06
39	5	0.06
40	5	0.06
41	5	0.06
42	5	0.06
43	5	0.06
44	5	0.06
45	5	0.06
46	5	0.06
47	5	0.06
48	5	0.06
49	5	0.06
50	5	0.06
51	5	0.06
52	5	0.06
53	5	0.06
54	5	0.06
55	5	0.06
56	5	0.06
57	5	0.06
58	5	0.06
59	5	0.06
60	5	0.06
61	5	0.06
62	5	0.06
63	5	0.06
64	5	0.06
65	5	0.06
66	5	0.06
67	5	0.06
68	5	0.06
69	5	0.06
70	5	0.06
71	5	0.06
72	5	0.06
73	5	0.06
74	5	0.06
75	5	0.06
76	5	0.06
77	5	0.06
78	5	0.06
79	5	0.06
80	5	0.06
81	5	0.06
82	5	0.06
83	5	0.06
84	5	0.06
85	5	0.06
86	5	0.06
87	5	0.06
88	5	0.06
89	5	0.06
90	5	0.06
91	5	0.06
92	5	0.06
93	5	0.06
94	5	0.06
95	5	0.06
96	5	0.06
97	5	0.06
98	5	0.06
99	5	0.06
100	5	0.06
101	5	0.06
102	5	0.06
103	5	0.06
104	5	0.06
105	5	0.06
106	5	0.06
107	5	0.06
108	5	0.06
109	5	0.06
110	5	0.06
111	5	0.06
112	5	0.06
113	5	0.06
114	5	0.06
115	5	0.06
116	5	0.06
117	5	0.06
118	5	0.06
119	5	0.06
120	5	0.06
121	5	0.06
122	5	0.06
123	5	0.06
124	5	0.06
125	5	0.06
126	5	0.06
127	5	0.06
128	5	0.06
129	5	0.06
130	5	0.06
131	5	0.06
132	5	0.06
133	5	0.06
134	5	0.06
135	5	0.06
136	5	0.06
137	5	0.06
138	5	0.06
139	5	0.06
140	5	0.06
141	5	0.06
142	5	0.06
143	5	0.06
144	5	0.06
145	5	0.06
146	5	0.06
147	5	0.06
148	5	0.06
149	5	0.06
0	6	0.07
1	6	0.07
2	6	0.07
3	6	0.07
4	6	0.07
5	6	0.07
6	6	0.07
7	6	0.07
8	6	0.07
9	6	0.07
10	6	0.07
11	6	0.07
12	6	0.07
13	6	0.07
14	6	0.07
15	6	0.07
16	6	0.07
17	6	0.07
18	6	0.07
19	6	0.07
20	6	0.07
21	6	0.07
22	6	0.07
23	6	0.07
24	6	0.07
25	6	0.07
26	6	0.07
27	6	0.07
28	6	0.07
29	6	0.07
30	6	0.07
31	6	0.07
32	6	0.07
33	6	0.07
34	6	0.07
35	6	0.07
36	6	0.07
37	6	0.07
38	6	0.07
39	6	0.07
40	6	0.07
41	6	0.07
42	6	0.07
43	6	0.07
44	6	0.07
45	6	0.07
46	6	0.07
47	6	0.07
48	6	0.07
49	6	0.07
50	6	0.07
51	6	0.07
52	6	0.07
53	6	0.07
54	6	0.07
55	6	0.07
56	6	0.07
57	6	0.07
58	6	0.07
59	6	0.07
60	6	0.07
61	6	0.07
62	6	0.07
63	6	0.07
64	6	0.07
65	6	0.07
66	6	0.07
67	6	0.07
68	6	0.07
69	6	0.07
70	6	0.07
71	6	0.07
72	6	0.07
73	6	0.07
74	6	0.07
75	6	0.07
76	6	0.07
77	6	0.07
78	6	0.07
79	6	0.07
80	6	0.07
81	6	0.07
82	6	0.07
83	6	0.07
84	6	0.07
85	6	0.07
86	6	0.07
87	6	0.07
88	6	0.07
89	6	0.07
90	6	0.07
91	6	0.07
92	6	0.07
93	6	0.07
94	6	0.07
95	6	0.07
96	6	0.07
97	6	0.07
98	6	0.07
99	6	0.07
100	6	0.07
101	6	0.07
102	6	0.07
103	6	0.07
104	6	0.07
105	6	0.07
106	6	0.07
107	6	0.07
108	6	0.07
109	6	0.07
110	6	0.07
111	6	0.07
112	6	0.07
113	6	0.07
114	6	0.07
115	6	0.07
116	6	0.07
117	6	0.07
118	6	0.07
119	6	0.07
120	6	0.07
121	6	0.07
122	6	0.07
123	6	0.07
124	6	0.07
125	6	0.07
126	6	0.07
127	6	0.07
128	6	0.07
129	6	0.07
130	6	0.07
131	6	0.07
132	6	0.07
133	6	0.07
134	6	0.07
135	6	0.07
136	6	0.07
137	6	0.07
138	6	0.07
139	6	0.07
140	6	0.07
141	6	0.07
142	6	0.07
143	6	0.07
144	6	0.07
145	6	0.07
146	6	0.07
147	6	0.07
148	6	0.07
149	6	0.07
0	7	0.08
1	7	0.08
2	7	0.08
3	7	0.08
4	7	0.08
5	7	0.08
6	7	0.08
7	7	0.08
8	7	0.08
9	7	0.08
10	7	0.08
11	7	0.08
12	7	0.08
13	7	0.08
14	7	0.08
15	7	0.08
16	7	0.08
17	7	0.08
18	7	0.08
19	7	0.08
20	7	0.08
21	7	0.08
22	7	0.08
23	7	0.08
24	7	0.08
25	7	0.08
26	7	0.08
27	7	0.08
28	7	0.08
29	7	0.08
30	7	0.08
31	7	0.08
32	7	0.08
33	7	0.08
34	7	0.08
35	7	0.08
36	7	0.08
37	7	0.08
38	7	0.08
39	7	0.08
40	7	0.08
41	7	0.08
42	7	0.08
43	7	0.08
44	7	0.08
45	7	0.08
46	7	0.08
47	7	0.08
48	7	0.08
49	7	0.08
50	7	0.08
51	7	0.08
52	7	0.08
53	7	0.08
54	7	0.08
55	7	0.08
56	7	0.08
57	7	0.08
58	7	0.08
59	7	0.08
60	7	0.08
61	7	0.08
62	7	0.08
63	7	0.08
64	7	0.08
65	7	0.08
66	7	0.08
67	7	0.08
68	7	0.08
69	7	0.08
70	7	0.08
71	7	0.08
72	7	0.08
73	7	0.08
74	7	0.08
75	7	0.08
76	7	0.08
77	7	0.08
78	7	0.08
79	7	0.08
80	7	0.08
81	7	0.08
82	7	0.08
83	7	0.08
84	7	0.08
85	7	0.08
86	7	0.08
87	7	0.08
88	7	0.08
89	7	0.08
90	7	0.08
91	7	0.08
92	7	0.08
93	7	0.08
94	7	0.08
95	7	0.08
96	7	0.08
97	7	0.08
98	7	0.08
99	7	0.08
100	7	0.08
101	7	0.08
102	7	0.08
103	7	0.08
104	7	0.08
105	7	0.08
106	7	0.08
107	7	0.08
108	7	0.08
109	7	0.08
110	7	0.08
111	7	0.08
112	7	0.08
113	7	0.08
114	7	0.08
115	7	0.08
116	7	0.08
117	7	0.08
118	7	0.08
119	7	0.08
120	7	0.08
121	7	0.08
122	7	0.08
123	7	0.08
124	7	0.08
125	7	0.08
126	7	0.08
127	7	0.08
128	7	0.08
129	7	0.08
130	7	0.08
131	7	0.08
132	7	0.08
133	7	0.08
134	7	0.08
135	7	0.08
136	7	0.08
137	7	0.08
138	7	0.08
139	7	0.08
140	7	0.08
141	7	0.08
142	7	0.08
143	7	0.08
144	7	0.08
145	7	0.08
146	7	0.08
147	7	0.08
148	7	0.08
149	7	0.08
0	8	0.09
1	8	0.09
2	8	0.09
3	8	0.09
4	8	0.09
5	8	0.09
6	8	0.09
7	8	0.09
8	8	0.09
9	8	0.09
10	8	0.09
11	8	0.09
12	8	0.09
13	8	0.09
14	8	0.09
15	8	0.09
16	8	0.09
17	8	0.09
18	8	0.09
19	8	0.09
20	8	0.09
21	8	0.09
22	8	0.09
23	8	0.09
24	8	0.09
25	8	0.09
26	8	0.09
27	8	0.09
28	8	0.09
29	8	0.09
30	8	0.09
31	8	0.09
32	8	0.09
33	8	0.09
34	8	0.09
35	8	0.09
36	8	0.09
37	8	0.09
38	8	0.09
39	8	0.09
40	8	0.09
41	8	0.09
42	8	0.09
43	8	0.09
44	8	0.09
45	8	0.09
46	8	0.09
47	8	0.09
48	8	0.09
49	8	0.09
50	8	0.09
51	8	0.09
52	8	0.09
53	8	0.09
54	8	0.09
55	8	0.09
56	8	0.09
57	8	0.09
58	8	0.09
59	8	0.09
60	8	0.09
61	8	0.09
62	8	0.09
63	8	0.09
64	8	0.09
65	8	0.09
66	8	0.09
67	8	0.09
68	8	0.09
69	8	0.09
70	8	0.09
71	8	0.09
72	8	0.09
73	8	0.09
74	8	0.09
75	8	0.09
76	8	0.09
77	8	0.09
78	8	0.09
79	8	0.09
80	8	0.09
81	8	0.09
82	8	0.09
83	8	0.09
84	8	0.09
85	8	0.09
86	8	0.09
87	8	0.09
88	8	0.09
89	8	0.09
90	8	0.09
91	8	0.09
92	8	0.09
93	8	0.09
94	8	0.09
95	8	0.09
96	8	0.09
97	8	0.09
98	8	0.09
99	8	0.09
100	8	0.09
101	8	0.09
102	8	0.09
103	8	0.09
104	8	0.09
105	8	0.09
106	8	0.09
107	8	0.09
108	8	0.09
109	8	0.09
110	8	0.09
111	8	0.09
112	8	0.09
113	8	0.09
114	8	0.09
115	8	0.09
116	8	0.09
117	8	0.09
118	8	0.09
119	8	0.09
120	8	0.09
121	8	0.09
122	8	0.09
123	8	0.09
124	8	0.09
125	8	0.09
126	8	0.09
127	8	0.09
128	8	0.09
129	8	0.09
130	8	0.09
131	8	0.09
132	8	0.09
133	8	0.09
134	8	0.09
135	8	0.09
136	8	0.09
137	8	0.09
138	8	0.09
139	8	0.09
140	8	0.09
141	8	0.09
142	8	0.09
143	8	0.09
144	8	0.09
145	8	0.09
146	8	0.09
147	8	0.09
148	8	0.09
149	8	0.09
0	9	0.1
1	9	0.1
2	9	0.1
3	9	0.1
4	9	0.1
5	9	0.1
6	9	0.1
7	9	0.1
8	9	0.1
9	9	0.1
10	9	0.1
11	9	0.1
12	9	0.1
13	9	0.1
14	9	0.1
15	9	0.1
16	9	0.1
17	9	0.1
18	9	0.1
19	9	0.1
20	9	0.1
21	9	0.1
22	9	0.1
23	9	0.1
24	9	0.1
25	9	0.1
26	9	0.1
27	9	0.1
28	9	0.1
29	9	0.1
30	9	0.1
31	9	0.1
32	9	0.1
33	9	0.1
34	9	0.1
35	9	0.1
36	9	0.1
37	9	0.1
38	9	0.1
39	9	0.1
40	9	0.1
41	9	0.1
42	9	0.1
43	9	0.1
44	9	0.1
45	9	0.1
46	9	0.1
47	9	0.1
48	9	0.1
49	9	0.1
50	9	0.1
51	9	0.1
52	9	0.1
53	9	0.1
54	9	0.1
55	9	0.1
56	9	0.1
57	9	0.1
58	9	0.1
59	9	0.1
60	9	0.1
61	9	0.1
62	9	0.1
63	9	0.1
64	9	0.1
65	9	0.1
66	9	0.1
67	9	0.1
68	9	0.1
69	9	0.1
70	9	0.1
71	9	0.1
72	9	0.1
73	9	0.1
74	9	0.1
75	9	0.1
76	9	0.1
77	9	0.1
78	9	0.1
79	9	0.1
80	9	0.1
81	9	0.1
82	9	0.1
83	9	0.1
84	9	0.1
85	9	0.1
86	9	0.1
87	9	0.1
88	9	0.1
89	9	0.1
90	9	0.1
91	9	0.1
92	9	0.1
93	9	0.1
94	9	0.1
95	9	0.1
96	9	0.1
97	9	0.1
98	9	0.1
99	9	0.1
100	9	0.1
101	9	0.1
102	9	0.1
103	9	0.1
104	9	0.1
105	9	0.1
106	9	0.1
107	9	0.1
108	9	0.1
109	9	0.1
110	9	0.1
111	9	0.1
112	9	0.1
113	9	0.1
114	9	0.1
115	9	0.1
116	9	0.1
117	9	0.1
118	9	0.1
119	9	0.1
120	9	0.1
121	9	0.1
122	9	0.1
123	9	0.1
124	9	0.1
125	9	0.1
126	9	0.1
127	9	0.1
128	9	0.1
129	9	0.1
130	9	0.1
131	9	0.1
132	9	0.1
133	9	0.1
134	9	0.1
135	9	0.1
136	9	0.1
137	9	0.1
138	9	0.1
139	9	0.1
140	9	0.1
141	9	0.1
142	9	0.1
143	9	0.1
144	9	0.1
145	9	0.1
146	9	0.1
147	9	0.1
148	9	0.1
149	9	0.1
0	10	0.11
1	10	0.11
2	10	0.11
3	10	0.11
4	10	0.11
5	10	0.11
6	10	0.11
7	10	0.11
8	10	0.11
9	10	0.11
10	10	0.11
11	10	0.11
12	10	0.11
13	10	0.11
14	10	0.11
15	10	0.11
16	10	0.11
17	10	0.11
18	10	0.11
19	10	0.11
20	10	0.11
21	10	0.11
22	10	0.11
23	10	0.11
24	10	0.11
25	10	0.11
26	10	0.11
27	10	0.11
28	10	0.11
29	10	0.11
30	10	0.11
31	10	0.11
32	10	0.11
33	10	0.11
34	10	0.11
35	10	0.11
36	10	0.11
37	10	0.11
38	10	0.11
39	10	0.11
40	10	0.11
41	10	0.11
42	10	0.11
43	10	0.11
44	10	0.11
45	10	0.11
46	10	0.11
47	10	0.11
48	10	0.11
49	10	0.11
50	10	0.11
51	10	0.11
52	10	0.11
53	10	0.11
54	10	0.11
55	10	0.11
56	10	0.11
57	10	0.11
58	10	0.11
59	10	0.11
60	10	0.11
61	10	0.11
62	10	0.11
63	10	0.11
64	10	0.11
65	10	0.11
66	10	0.11
67	10	0.11
68	10	0.11
69	10	0.11
70	10	0.11
71	10	0.11
72	10	0.11
73	10	0.11
74	10	0.11
75	10	0.11
76	10	0.11
77	10	0.11
78	10	0.11
79	10	0.11
80	10	0.11
81	10	0.11
82	10	0.11
83	10	0.11
84	10	0.11
85	10	0.11
86	10	0.11
87	10	0.11
88	10	0.11
89	10	0.11
90	10	0.11
91	10	0.11
92	10	0.11
93	10	0.11
94	10	0.11
95	10	0.11
96	10	0.11
97	10	0.11
98	10	0.11
99	10	0.11
100	10	0.11
101	10	0.11
102	10	0.11
103	10	0.11
104	10	0.11
105	10	0.11
106	10	0.11
107	10	0.11
108	10	0.11
109	10	0.11
110	10	0.11
111	10	0.11
112	10	0.11
113	10	0.11
114	10	0.11
115	10	0.11
116	10	0.11
117	10	0.11
118	10	0.11
119	10	0.11
120	10	0.11
121	10	0.11
122	10	0.11
123	10	0.11
124	10	0.11
125	10	0.11
126	10	0.11
127	10	0.11
128	10	0.11
129	10	0.11
130	10	0.11
131	10	0.11
132	10	0.11
133	10	0.11
134	10	0.11
135	10	0.11
136	10	0.11
137	10	0.11
138	10	0.11
139	10	0.11
140	10	0.11
141	10	0.11
142	10	0.11
143	10	0.11
144	10	0.11
145	10	0.11
146	10	0.11
147	10	0.11
148	10	0.11
149	10	0.11
0	11	0.12
1	11	0.12
2	11	0.12
3	11	0.12
4	11	0.12
5	11	0.12
6	11	0.12
7	11	0.12
8	11	0.12
9	11	0.12
10	11	0.12
11	11	0.12
12	11	0.12
13	11	0.12
14	11	0.12
15	11	0.12
16	11	0.12
17	11	0.12
18	11	0.12
19	11	0.12
20	11	0.12
21	11	0.12
22	11	0.12
23	11	0.12
24	11	0.12
25	11	0.12
26	11	0.12
27	11	0.12
28	11	0.12
29	11	0.12
30	11	0.12
31	11	0.12
32	11	0.12
33	11	0.12
34	11	0.12
35	11	0.12
36	11	0.12
37	11	0.12
38	11	0.12
39	11	0.12
40	11	0.12
41	11	0.12
42	11	0.12
43	11	0.12
44	11	0.12
45	11	0.12
46	11	0.12
47	11	0.12
48	11	0.12
49	11	0.12
50	11	0.12
51	11	0.12
52	11	0.12
53	11	0.12
54	11	0.12
55	11	0.12
56	11	0.12
57	11	0.12
58	11	0.12
59	11	0.12
60	11	0.12
61	11	0.12
62	11	0.12
63	11	0.12
64	11	0.12
65	11	0.12
66	11	0.12
67	11	0.12
68	11	0.12
69	11	0.12
70	11	0.12
71	11	0.12
72	11	0.12
73	11	0.12
74	11	0.12
75	11	0.12
76	11	0.12
77	11	0.12
78	11	0.12
79	11	0.12
80	11	0.12
81	11	0.12
82	11	0.12
83	11	0.12
84	11	0.12
85	11	0.12
86	11	0.12
87	11	0.12
88	11	0.12
89	11	0.12
90	11	0.12
91	11	0.12
92	11	0.12
93	11	0.12
94	11	0.12
95	11	0.12
96	11	0.12
97	11	0.12
98	11	0.12
99	11	0.12
100	11	0.12
101	11	0.12
102	11	0.12
103	11	0.12
104	11	0.12
105	11	0.12
106	11	0.12
107	11	0.12
108	11	0.12
109	11	0.12
110	11	0.12
111	11	0.12
112	11	0.12
113	11	0.12
114	11	0.12
115	11	0.12
116	11	0.12
117	11	0.12
118	11	0.12
119	11	0.12
120	11	0.12
121	11	0.12
122	11	0.12
123	11	0.12
124	11	0.12
125	11	0.12
126	11	0.12
127	11	0.12
128	11	0.12
129	11	0.12
130	11	0.12
131	11	0.12
132	11	0.12
133	11	0.12
134	11	0.12
135	11	0.12
136	11	0.12
137	11	0.12
138	11	0.12
139	11	0.12
140	11	0.12
141	11	0.12
142	11	0.12
143	11	0.12
144	11	0.12
145	11	0.12
146	11	0.12
147	11	0.12
148	11	0.12
149	11	0.12
0	12	0.13
1	12	0.13
2	12	0.13
3	12	0.13
4	12	0.13
5	12	0.13
6	12	0.13
7	12	0.13
8	12	0.13
9	12	0.13
10	12	0.13
11	12	0.13
12	12	0.13
13	12	0.13
14	12	0.13
15	12	0.13
16	12	0.13
17	12	0.13
18	12	0.13
19	12	0.13
20	12	0.13
21	12	0.13
22	12	0.13
23	12	0.13
24	12	0.13
25	12	0.13
26	12	0.13
27	12	0.13
28	12	0.13
29	12	0.13
30	12	0.13
31	12	0.13
32	12	0.13
33	12	0.13
34	12	0.13
35	12	0.13
36	12	0.13
37	12	0.13
38	12	0.13
39	12	0.13
40	12	0.13
41	12	0.13
42	12	0.13
43	12	0.13
44	12	0.13
45	12	0.13
46	12	0.13
47	12	0.13
48	12	0.13
49	12	0.13
50	12	0.13
51	12	0.13
52	12	0.13
53	12	0.13
54	12	0.13
55	12	0.13
56	12	0.13
57	12	0.13
58	12	0.13
59	12	0.13
60	12	0.13
61	12	0.13
62	12	0.13
63	12	0.13
64	12	0.13
65	12	0.13
66	12	0.13
67	12	0.13
68	12	0.13
69	12	0.13
70	12	0.13
71	12	0.13
72	12	0.13
73	12	0.13
74	12	0.13
75	12	0.13
76	12	0.13
77	12	0.13
78	12	0.13
79	12	0.13
80	12	0.13
81	12	0.13
82	12	0.13
83	12	0.13
84	12	0.13
85	12	0.13
86	12	0.13
87	12	0.13
88	12	0.13
89	12	0.13
90	12	0.13
91	12	0.13
92	12	0.13
93	12	0.13
94	12	0.13
95	12	0.13
96	12	0.13
97	12	0.13
98	12	0.13
99	12	0.13
100	12	0.13
101	12	0.13
102	12	0.13
103	12	0.13
104	12	0.13
105	12	0.13
106	12	0.13
107	12	0.13
108	12	0.13
109	12	0.13
110	12	0.13
111	12	0.13
112	12	0.13
113	12	0.13
114	12	0.13
115	12	0.13
116	12	0.13
117	12	0.13
118	12	0.13
119	12	0.13
120	12	0.13
121	12	0.13
122	12	0.13
123	12	0.13
124	12	0.13
125	12	0.13
126	12	0.13
127	12	0.13
128	12	0.13
129	12	0.13
130	12	0.13
131	12	0.13
132	12	0.13
133	12	0.13
134	12	0.13
135	12	0.13
136	12	0.13
137	12	0.13
138	12	0.13
139	12	0.13
140	12	0.13
141	12	0.13
142	12	0.13
143	12	0.13
144	12	0.13
145	12	0.13
146	12	0.13
147	12	0.13
148	12	0.13
149	12	0.13
0	13	0.14
1	13	0.14
2	13	0.14
3	13	0.14
4	13	0.14
5	13	0.14
6	13	0.14
7	13	0.14
8	13	0.14
9	13	0.14
10	13	0.14
11	13	0.14
12	13	0.14
13	13	0.14
14	13	0.14
15	13	0.14
16	13	0.14
17	13	0.14
18	13	0.14
19	13	0.14
20	13	0.14
21	13	0.14
22	13	0.14
23	13	0.14
24	13	0.14
25	13	0.14
26	13	0.14
27	13	0.14
28	13	0.14
29	13	0.14
30	13	0.14
31	13	0.14
32	13	0.14
33	13	0.14
34	13	0.14
35	13	0.14
36	13	0.14
37	13	0.14
38	13	0.14
39	13	0.14
40	13	0.14
41	13	0.14
42	13	0.14
43	13	0.14
44	13	0.14
45	13	0.14
46	13	0.14
47	13	0.14
48	13	0.14
49	13	0.14
50	13	0.14
51	13	0.14
52	13	0.14
53	13	0.14
54	13	0.14
55	13	0.14
56	13	0.14
57	13	0.14
58	13	0.14
59	13	0.14
60	13	0.14
61	13	0.14
62	13	0.14
63	13	0.14
64	13	0.14
65	13	0.14
66	13	0.14
67	13	0.14
68	13	0.14
69	13	0.14
70	13	0.14
71	13	0.14
72	13	0.14
73	13	0.14
74	13	0.14
75	13	0.14
76	13	0.14
77	13	0.14
78	13	0.14
79	13	0.14
80	13	0.14
81	13	0.14
82	13	0.14
83	13	0.14
84	13	0.14
85	13	0.14
86	13	0.14
87	13	0.14
88	13	0.14
89	13	0.14
90	13	0.14
91	13	0.14
92	13	0.14
93	13	0.14
94	13	0.14
95	13	0.14
96	13	0.14
97	13	0.14
98	13	0.14
99	13	0.14
100	13	0.14
101	13	0.14
102	13	0.14
103	13	0.14
104	13	0.14
105	13	0.14
106	13	0.14
107	13	0.14
108	13	0.14
109	13	0.14
110	13	0.14
111	13	0.14
112	13	0.14
113	13	0.14
114	13	0.14
115	13	0.14
116	13	0.14
117	13	0.14
118	13	0.14
119	13	0.14
120	13	0.14
121	13	0.14
122	13	0.14
123	13	0.14
124	13	0.14
125	13	0.14
126	13	0.14
127	13	0.14
128	13	0.14
129	13	0.14
130	13	0.14
131	13	0.14
132	13	0.14
133	13	0.14
134	13	0.14
135	13	0.14
136	13	0.14
137	13	0.14
138	13	0.14
139	13	0.14
140	13	0.14
141	13	0.14
142	13	0.14
143	13	0.14
144	13	0.14
145	13	0.14
146	13	0.14
147	13	0.14
148	13	0.14
149	13	0.14
0	14	0.15
1	14	0.15
2	14	0.15
3	14	0.15
4	14	0.15
5	14	0.15
6	14	0.15
7	14	0.15
8	14	0.15
9	14	0.15
10	14	0.15
11	14	0.15
12	14	0.15
13	14	0.15
14	14	0.15
15	14	0.15
16	14	0.15
17	14	0.15
18	14	0.15
19	14	0.15
20	14	0.15
21	14	0.15
22	14	0.15
23	14	0.15
24	14	0.15
25	14	0.15
26	14	0.15
27	14	0.15
28	14	0.15
29	14	0.15
30	14	0.15
31	14	0.15
32	14	0.15
33	14	0.15
34	14	0.15
35	14	0.15
36	14	0.15
37	14	0.15
38	14	0.15
39	14	0.15
40	14	0.15
41	14	0.15
42	14	0.15
43	14	0.15
44	14	0.15
45	14	0.15
46	14	0.15
47	14	0.15
48	14	0.15
49	14	0.15
50	14	0.15
51	14	0.15
52	14	0.15
53	14	0.15
54	14	0.15
55	14	0.15
56	14	0.15
57	14	0.15
58	14	0.15
59	14	0.15
60	14	0.15
61	14	0.15
62	14	0.15
63	14	0.15
64	14	0.15
65	14	0.15
66	14	0.15
67	14	0.15
68	14	0.15
69	14	0.15
70	14	0.15
71	14	0.15
72	14	0.15
73	14	0.15
74	14	0.15
75	14	0.15
76	14	0.15
77	14	0.15
78	14	0.15
79	14	0.15
80	14	0.15
81	14	0.15
82	14	0.15
83	14	0.15
84	14	0.15
85	14	0.15
86	14	0.15
87	14	0.15
88	14	0.15
89	14	0.15
90	14	0.15
91	14	0.15
92	14	0.15
93	14	0.15
94	14	0.15
95	14	0.15
96	14	0.15
97	14	0.15
98	14	0.15
99	14	0.15
100	14	0.15
101	14	0.15
102	14	0.15
103	14	0.15
104	14	0.15
105	14	0.15
106	14	0.15
107	14	0.15
108	14	0.15
109	14	0.15
110	14	0.15
111	14	0.15
112	14	0.15
113	14	0.15
114	14	0.15
115	14	0.15
116	14	0.15
117	14	0.15
118	14	0.15
119	14	0.15
120	14	0.15
121	14	0.15
122	14	0.15
123	14	0.15
124	14	0.15
125	14	0.15
126	14	0.15
127	14	0.15
128	14	0.15
129	14	0.15
130	14	0.15
131	14	0.15
132	14	0.15
133	14	0.15
134	14	0.15
135	14	0.15
136	14	0.15
137	14	0.15
138	14	0.15
139	14	0.15
140	14	0.15
141	14	0.15
142	14	0.15
143	14	0.15
144	14	0.15
145	14	0.15
146	14	0.15
147	14	0.15
148	14	0.15
149	14	0.15
0	15	0.16
1	15	0.16
2	15	0.16
3	15	0.16
4	15	0.16
5	15	0.16
6	15	0.16
7	15	0.16
8	15	0.16
9	15	0.16
10	15	0.16
11	15	0.16
12	15	0.16
13	15	0.16
14	15	0.16
15	15	0.16
16	15	0.16
17	15	0.16
18	15	0.16
19	15	0.16
20	15	0.16
21	15	0.16
22	15	0.16
23	15	0.16
24	15	0.16
25	15	0.16
26	15	0.16
27	15	0.16
28	15	0.16
29	15	0.16
30	15	0.16
31	15	0.16
32	15	0.16
33	15	0.16
34	15	0.16
35	15	0.16
36	15	0.16
37	15	0.16
38	15	0.16
39	15	0.16
40	15	0.16
41	15	0.16
42	15	0.16
43	15	0.16
44	15	0.16
45	15	0.16
46	15	0.16
47	15	0.16
48	15	0.16
49	15	0.16
50	15	0.16
51	15	0.16
52	15	0.16
53	15	0.16
54	15	0.16
55	15	0.16
56	15	0.16
57	15	0.16
58	15	0.16
59	15	0.16
60	15	0.16
61	15	0.16
62	15	0.16
63	15	0.16
64	15	0.16
65	15	0.16
66	15	0.16
67	15	0.16
68	15	0.16
69	15	0.16
70	15	0.16
71	15	0.16
72	15	0.16
73	15	0.16
74	15	0.16
75	15	0.16
76	15	0.16
77	15	0.16
78	15	0.16
79	15	0.16
80	15	0.16
81	15	0.16
82	15	0.16
83	15	0.16
84	15	0.16
85	15	0.16
86	15	0.16
87	15	0.16
88	15	0.16
89	15	0.16
90	15	0.16
91	15	0.16
92	15	0.16
93	15	0.16
94	15	0.16
95	15	0.16
96	15	0.16
97	15	0.16
98	15	0.16
99	15	0.16
100	15	0.16
101	15	0.16
102	15	0.16
103	15	0.16
104	15	0.16
105	15	0.16
106	15	0.16
107	15	0.16
108	15	0.16
109	15	0.16
110	15	0.16
111	15	0.16
112	15	0.16
113	15	0.16
114	15	0.16
115	15	0.16
116	15	0.16
117	15	0.16
118	15	0.16
119	15	0.16
120	15	0.16
121	15	0.16
122	15	0.16
123	15	0.16
124	15	0.16
125	15	0.16
126	15	0.16
127	15	0.16
128	15	0.16
129	15	0.16
130	15	0.16
131	15	0.16
132	15	0.16
133	15	0.16
134	15	0.16
135	15	0.16
136	15	0.16
137	15	0.16
138	15	0.16
139	15	0.16
140	15	0.16
141	15	0.16
142	15	0.16
143	15	0.16
144	15	0.16
145	15	0.16
146	15	0.16
147	15	0.16
148	15	0.16
149	15	0.16
0	16	0.17
1	16	0.17
2	16	0.17
3	16	0.17
4	16	0.17
5	16	0.17
6	16	0.17
7	16	0.17
8	16	0.17
9	16	0.17
10	16	0.17
11	16	0.17
12	16	0.17
13	16	0.17
14	16	0.17
15	16	0.17
16	16	0.17
17	16	0.17
18	16	0.17
19	16	0.17
20	16	0.17
21	16	0.17
22	16	0.17
23	16	0.17
24	16	0.17
25	16	0.17
26	16	0.17
27	16	0.17
28	16	0.17
29	16	0.17
30	16	0.17
31	16	0.17
32	16	0.17
33	16	0.17
34	16	0.17
35	16	0.17
36	16	0.17
37	16	0.17
38	16	0.17
39	16	0.17
40	16	0.17
41	16	0.17
42	16	0.17
43	16	0.17
44	16	0.17
45	16	0.17
46	16	0.17
47	16	0.17
48	16	0.17
49	16	0.17
50	16	0.17
51	16	0.17
52	16	0.17
53	16	0.17
54	16	0.17
55	16	0.17
56	16	0.17
57	16	0.17
58	16	0.17
59	16	0.17
60	16	0.17
61	16	0.17
62	16	0.17
63	16	0.17
64	16	0.17
65	16	0.17
66	16	0.17
67	16	0.17
68	16	0.17
69	16	0.17
70	16	0.17
71	16	0.17
72	16	0.17
73	16	0.17
74	16	0.17
75	16	0.17
76	16	0.17
77	16	0.17
78	16	0.17
79	16	0.17
80	16	0.17
81	16	0.17
82	16	0.17
83	16	0.17
84	16	0.17
85	16	0.17
86	16	0.17
87	16	0.17
88	16	0.17
89	16	0.17
90	16	0.17
91	16	0.17
92	16	0.17
93	16	0.17
94	16	0.17
95	16	0.17
96	16	0.17
97	16	0.17
98	16	0.17
99	16	0.17
100	16	0.17
101	16	0.17
102	16	0.17
103	16	0.17
104	16	0.17
105	16	0.17
106	16	0.17
107	16	0.17
108	16	0.17
109	16	0.17
110	16	0.17
111	16	0.17
112	16	0.17
113	16	0.17
114	16	0.17
115	16	0.17
116	16	0.17
117	16	0.17
118	16	0.17
119	16	0.17
120	16	0.17
121	16	0.17
122	16	0.17
123	16	0.17
124	16	0.17
125	16	0.17
126	16	0.17
127	16	0.17
128	16	0.17
129	16	0.17
130	16	0.17
131	16	0.17
132	16	0.17
133	16	0.17
134	16	0.17
135	16	0.17
136	16	0.17
137	16	0.17
138	16	0.17
139	16	0.17
140	16	0.17
141	16	0.17
142	16	0.17
143	16	0.17
144	16	0.17
145	16	0.17
146	16	0.17
147	16	0.17
148	16	0.17
149	16	0.17
0	17	0.18
1	17	0.18
2	17	0.18
3	17	0.18
4	17	0.18
5	17	0.18
6	17	0.18
7	17	0.18
8	17	0.18
9	17	0.18
10	17	0.18
11	17	0.18
12	17	0.18
13	17	0.18
14	17	0.18
15	17	0.18
16	17	0.18
17	17	0.18
18	17	0.18
19	17	0.18
20	17	0.18
21	17	0.18
22	17	0.18
23	17	0.18
24	17	0.18
25	17	0.18
26	17	0.18
27	17	0.18
28	17	0.18
29	17	0.18
30	17	0.18
31	17	0.18
32	17	0.18
33	17	0.18
34	17	0.18
35	17	0.18
36	17	0.18
37	17	0.18
38	17	0.18
39	17	0.18
40	17	0.18
41	17	0.18
42	17	0.18
43	17	0.18
44	17	0.18
45	17	0.18
46	17	0.18
47	17	0.18
48	17	0.18
49	17	0.18
50	17	0.18
51	17	0.18
52	17	0.18
53	17	0.18
54	17	0.18
55	17	0.18
56	17	0.18
57	17	0.18
58	17	0.18
59	17	0.18
60	17	0.18
61	17	0.18
62	17	0.18
63	17	0.18
64	17	0.18
65	17	0.18
66	17	0.18
67	17	0.18
68	17	0.18
69	17	0.18
70	17	0.18
71	17	0.18
72	17	0.18
73	17	0.18
74	17	0.18
75	17	0.18
76	17	0.18
77	17	0.18
78	17	0.18
79	17	0.18
80	17	0.18
81	17	0.18
82	17	0.18
83	17	0.18
84	17	0.18
85	17	0.18
86	17	0.18
87	17	0.18
88	17	0.18
89	17	0.18
90	17	0.18
91	17	0.18
92	17	0.18
93	17	0.18
94	17	0.18
95	17	0.18
96	17	0.18
97	17	0.18
98	17	0.18
99	17	0.18
100	17	0.18
101	17	0.18
102	17	0.18
103	17	0.18
104	17	0.18
105	17	0.18
106	17	0.18
107	17	0.18
108	17	0.18
109	17	0.18
110	17	0.18
111	17	0.18
112	17	0.18
113	17	0.18
114	17	0.18
115	17	0.18
116	17	0.18
117	17	0.18
118	17	0.18
119	17	0.18
120	17	0.18
121	17	0.18
122	17	0.18
123	17	0.18
124	17	0.18
125	17	0.18
126	17	0.18
127	17	0.18
128	17	0.18
129	17	0.18
130	17	0.18
131	17	0.18
132	17	0.18
133	17	0.18
134	17	0.18
135	17	0.18
136	17	0.18
137	17	0.18
138	17	0.18
139	17	0.18
140	17	0.18
141	17	0.18
142	17	0.18
143	17	0.18
144	17	0.18
145	17	0.18
146	17	0.18
147	17	0.18
148	17	0.18
149	17	0.18
0	18	0.19
1	18	0.19
2	18	0.19
3	18	0.19
4	18	0.19
5	18	0.19
6	18	0.19
7	18	0.19
8	18	0.19
9	18	0.19
10	18	0.19
11	18	0.19
12	18	0.19
13	18	0.19
14	18	0.19
15	18	0.19
16	18	0.19
17	18	0.19
18	18	0.19
19	18	0.19
20	18	0.19
21	18	0.19
22	18	0.19
23	18	0.19
24	18	0.19
25	18	0.19
26	18	0.19
27	18	0.19
28	18	0.19
29	18	0.19
30	18	0.19
31	18	0.19
32	18	0.19
33	18	0.19
34	18	0.19
35	18	0.19
36	18	0.19
37	18	0.19
38	18	0.19
39	18	0.19
40	18	0.19
41	18	0.19
42	18	0.19
43	18	0.19
44	18	0.19
45	18	0.19
46	18	0.19
47	18	0.19
48	18	0.19
49	18	0.19
50	18	0.19
51	18	0.19
52	18	0.19
53	18	0.19
54	18	0.19
55	18	0.19
56	18	0.19
57	18	0.19
58	18	0.19
59	18	0.19
60	18	0.19
61	18	0.19
62	18	0.19
63	18	0.19
64	18	0.19
65	18	0.19
66	18	0.19
67	18	0.19
68	18	0.19
69	18	0.19
70	18	0.19
71	18	0.19
72	18	0.19
73	18	0.19
74	18	0.19
75	18	0.19
76	18	0.19
77	18	0.19
78	18	0.19
79	18	0.19
80	18	0.19
81	18	0.19
82	18	0.19
83	18	0.19
84	18	0.19
85	18	0.19
86	18	0.19
87	18	0.19
88	18	0.19
89	18	0.19
90	18	0.19
91	18	0.19
92	18	0.19
93	18	0.19
94	18	0.19
95	18	0.19
96	18	0.19
97	18	0.19
98	18	0.19
99	18	0.19
100	18	0.19
101	18	0.19
102	18	0.19
103	18	0.19
104	18	0.19
105	18	0.19
106	18	0.19
107	18	0.19
108	18	0.19
109	18	0.19
110	18	0.19
111	18	0.19
112	18	0.19
113	18	0.19
114	18	0.19
115	18	0.19
116	18	0.19
117	18	0.19
118	18	0.19
119	18	0.19
120	18	0.19
121	18	0.19
122	18	0.19
123	18	0.19
124	18	0.19
125	18	0.19
126	18	0.19
127	18	0.19
128	18	0.19
129	18	0.19
130	18	0.19
131	18	0.19
132	18	0.19
133	18	0.19
134	18	0.19
135	18	0.19
136	18	0.19
137	18	0.19
138	18	0.19
139	18	0.19
140	18	0.19
141	18	0.19
142	18	0.19
143	18	0.19
144	18	0.19
145	18	0.19
146	18	0.19
147	18	0.19
148	18	0.19
149	18	0.19
0	19	0.2
1	19	0.2
2	19	0.2
3	19	0.2
4	19	0.2
5	19	0.2
6	19	0.2
7	19	0.2
8	19	0.2
9	19	0.2
10	19	0.2
11	19	0.2
12	19	0.2
13	19	0.2
14	19	0.2
15	19	0.2
16	19	0.2
17	19	0.2
18	19	0.2
19	19	0.2
20	19	0.2
21	19	0.2
22	19	0.2
23	19	0.2
24	19	0.2
25	19	0.2
26	19	0.2
27	19	0.2
28	19	0.2
29	19	0.2
30	19	0.2
31	19	0.2
32	19	0.2
33	19	0.2
34	19	0.2
35	19	0.2
36	19	0.2
37	19	0.2
38	19	0.2
39	19	0.2
40	19	0.2
41	19	0.2
42	19	0.2
43	19	0.2
44	19	0.2
45	19	0.2
46	19	0.2
47	19	0.2
48	19	0.2
49	19	0.2
50	19	0.2
51	19	0.2
52	19	0.2
53	19	0.2
54	19	0.2
55	19	0.2
56	19	0.2
57	19	0.2
58	19	0.2
59	19	0.2
60	19	0.2
61	19	0.2
62	19	0.2
63	19	0.2
64	19	0.2
65	19	0.2
66	19	0.2
67	19	0.2
68	19	0.2
69	19	0.2
70	19	0.2
71	19	0.2
72	19	0.2
73	19	0.2
74	19	0.2
75	19	0.2
76	19	0.2
77	19	0.2
78	19	0.2
79	19	0.2
80	19	0.2
81	19	0.2
82	19	0.2
83	19	0.2
84	19	0.2
85	19	0.2
86	19	0.2
87	19	0.2
88	19	0.2
89	19	0.2
90	19	0.2
91	19	0.2
92	19	0.2
93	19	0.2
94	19	0.2
95	19	0.2
96	19	0.2
97	19	0.2
98	19	0.2
99	19	0.2
100	19	0.2
101	19	0.2
102	19	0.2
103	19	0.2
104	19	0.2
105	19	0.2
106	19	0.2
107	19	0.2
108	19	0.2
109	19	0.2
110	19	0.2
111	19	0.2
112	19	0.2
113	19	0.2
114	19	0.2
115	19	0.2
116	19	0.2
117	19	0.2
118	19	0.2
119	19	0.2
120	19	0.2
121	19	0.2
122	19	0.2
123	19	0.2
124	19	0.2
125	19	0.2
126	19	0.2
127	19	0.2
128	19	0.2
129	19	0.2
130	19	0.2
131	19	0.2
132	19	0.2
133	19	0.2
134	19	0.2
135	19	0.2
136	19	0.2
137	19	0.2
138	19	0.2
139	19	0.2
140	19	0.2
141	19	0.2
142	19	0.2
143	19	0.2
144	19	0.2
145	19	0.2
146	19	0.2
147	19	0.2
148	19	0.2
149	19	0.2
0	20	0.21
1	20	0.21
2	20	0.21
3	20	0.21
4	20	0.21
5	20	0.21
6	20	0.21
7	20	0.21
8	20	0.21
9	20	0.21
10	20	0.21
11	20	0.21
12	20	0.21
13	20	0.21
14	20	0.21
15	20	0.21
16	20	0.21
17	20	0.21
18	20	0.21
19	20	0.21
20	20	0.21
21	20	0.21
22	20	0.21
23	20	0.21
24	20	0.21
25	20	0.21
26	20	0.21
27	20	0.21
28	20	0.21
29	20	0.21
30	20	0.21
31	20	0.21
32	20	0.21
33	20	0.21
34	20	0.21
35	20	0.21
36	20	0.21
37	20	0.21
38	20	0.21
39	20	0.21
40	20	0.21
41	20	0.21
42	20	0.21
43	20	0.21
44	20	0.21
45	20	0.21
46	20	0.21
47	20	0.21
48	20	0.21
49	20	0.21
50	20	0.21
51	20	0.21
52	20	0.21
53	20	0.21
54	20	0.21
55	20	0.21
56	20	0.21
57	20	0.21
58	20	0.21
59	20	0.21
60	20	0.21
61	20	0.21
62	20	0.21
63	20	0.21
64	20	0.21
65	20	0.21
66	20	0.21
67	20	0.21
68	20	0.21
69	20	0.21
70	20	0.21
71	20	0.21
72	20	0.21
73	20	0.21
74	20	0.21
75	20	0.21
76	20	0.21
77	20	0.21
78	20	0.21
79	20	0.21
80	20	0.21
81	20	0.21
82	20	0.21
83	20	0.21
84	20	0.21
85	20	0.21
86	20	0.21
87	20	0.21
88	20	0.21
89	20	0.21
90	20	0.21
91	20	0.21
92	20	0.21
93	20	0.21
94	20	0.21
95	20	0.21
96	20	0.21
97	20	0.21
98	20	0.21
99	20	0.21
100	20	0.21
101	20	0.21
102	20	0.21
103	20	0.21
104	20	0.21
105	20	0.21
106	20	0.21
107	20	0.21
108	20	0.21
109	20	0.21
110	20	0.21
111	20	0.21
112	20	0.21
113	20	0.21
114	20	0.21
115	20	0.21
116	20	0.21
117	20	0.21
118	20	0.21
119	20	0.21
120	20	0.21
121	20	0.21
122	20	0.21
123	20	0.21
124	20	0.21
125	20	0.21
126	20	0.21
127	20	0.21
128	20	0.21
129	20	0.21
130	20	0.21
131	20	0.21
132	20	0.21
133	20	0.21
134	20	0.21
135	20	0.21
136	20	0.21
137	20	0.21
138	20	0.21
139	20	0.21
140	20	0.21
141	20	0.21
142	20	0.21
143	20	0.21
144	20	0.21
145	20	0.21
146	20	0.21
147	20	0.21
148	20	0.21
149	20	0.21
0	21	0.22
1	21	0.22
2	21	0.22
3	21	0.22
4	21	0.22
5	21	0.22
6	21	0.22
7	21	0.22
8	21	0.22
9	21	0.22
10	21	0.22
11	21	0.22
12	21	0.22
13	21	0.22
14	21	0.22
15	21	0.22
16	21	0.22
17	21	0.22
18	21	0.22
19	21	0.22
20	21	0.22
21	21	0.22
22	21	0.22
23	21	0.22
24	21	0.22
25	21	0.22
26	21	0.22
27	21	0.22
28	21	0.22
29	21	0.22
30	21	0.22
31	21	0.22
32	21	0.22
33	21	0.22
34	21	0.22
35	21	0.22
36	21	0.22
37	21	0.22
38	21	0.22
39	21	0.22
40	21	0.22
41	21	0.22
42	21	0.22
43	21	0.22
44	21	0.22
45	21	0.22
46	21	0.22
47	21	0.22
48	21	0.22
49	21	0.22
50	21	0.22
51	21	0.22
52	21	0.22
53	21	0.22
54	21	0.22
55	21	0.22
56	21	0.22
57	21	0.22
58	21	0.22
59	21	0.22
60	21	0.22
61	21	0.22
62	21	0.22
63	21	0.22
64	21	0.22
65	21	0.22
66	21	0.22
67	21	0.22
68	21	0.22
69	21	0.22
70	21	0.22
71	21	0.22
72	21	0.22
73	21	0.22
74	21	0.22
75	21	0.22
76	21	0.22
77	21	0.22
78	21	0.22
79	21	0.22
80	21	0.22
81	21	0.22
82	21	0.22
83	21	0.22
84	21	0.22
85	21	0.22
86	21	0.22
87	21	0.22
88	21	0.22
89	21	0.22
90	21	0.22
91	21	0.22
92	21	0.22
93	21	0.22
94	21	0.22
95	21	0.22
96	21	0.22
97	21	0.22
98	21	0.22
99	21	0.22
100	21	0.22
101	21	0.22
102	21	0.22
103	21	0.22
104	21	0.22
105	21	0.22
106	21	0.22
107	21	0.22
108	21	0.22
109	21	0.22
110	21	0.22
111	21	0.22
112	21	0.22
113	21	0.22
114	21	0.22
115	21	0.22
116	21	0.22
117	21	0.22
118	21	0.22
119	21	0.22
120	21	0.22
121	21	0.22
122	21	0.22
123	21	0.22
124	21	0.22
125	21	0.22
126	21	0.22
127	21	0.22
128	21	0.22
129	21	0.22
130	21	0.22
131	21	0.22
132	21	0.22
133	21	0.22
134	21	0.22
135	21	0.22
136	21	0.22
137	21	0.22
138	21	0.22
139	21	0.22
140	21	0.22
141	21	0.22
142	21	0.22
143	21	0.22
144	21	0.22
145	21	0.22
146	21	0.22
147	21	0.22
148	21	0.22
149	21	0.22
0	22	0.23
1	22	0.23
2	22	0.23
3	22	0.23
4	22	0.23
5	22	0.23
6	22	0.23
7	22	0.23
8	22	0.23
9	22	0.23
10	22	0.23
11	22	0.23
12	22	0.23
13	22	0.23
14	22	0.23
15	22	0.23
16	22	0.23
17	22	0.23
18	22	0.23
19	22	0.23
20	22	0.23
21	22	0.23
22	22	0.23
23	22	0.23
24	22	0.23
25	22	0.23
26	22	0.23
27	22	0.23
28	22	0.23
29	22	0.23
30	22	0.23
31	22	0.23
32	22	0.23
33	22	0.23
34	22	0.23
35	22	0.23
36	22	0.23
37	22	0.23
38	22	0.23
39	22	0.23
40	22	0.23
41	22	0.23
42	22	0.23
43	22	0.23
44	22	0.23
45	22	0.23
46	22	0.23
47	22	0.23
48	22	0.23
49	22	0.23
50	22	0.23
51	22	0.23
52	22	0.23
53	22	0.23
54	22	0.23
55	22	0.23
56	22	0.23
57	22	0.23
58	22	0.23
59	22	0.23
60	22	0.23
61	22	0.23
62	22	0.23
63	22	0.23
64	22	0.23
65	22	0.23
66	22	0.23
67	22	0.23
68	22	0.23
69	22	0.23
70	22	0.23
71	22	0.23
72	22	0.23
73	22	0.23
74	22	0.23
75	22	0.23
76	22	0.23
77	22	0.23
78	22	0.23
79	22	0.23
80	22	0.23
81	22	0.23
82	22	0.23
83	22	0.23
84	22	0.23
85	22	0.23
86	22	0.23
87	22	0.23
88	22	0.23
89	22	0.23
90	22	0.23
91	22	0.23
92	22	0.23
93	22	0.23
94	22	0.23
95	22	0.23
96	22	0.23
97	22	0.23
98	22	0.23
99	22	0.23
100	22	0.23
101	22	0.23
102	22	0.23
103	22	0.23
104	22	0.23
105	22	0.23
106	22	0.23
107	22	0.23
108	22	0.23
109	22	0.23
110	22	0.23
111	22	0.23
112	22	0.23
113	22	0.23
114	22	0.23
115	22	0.23
116	22	0.23
117	22	0.23
118	22	0.23
119	22	0.23
120	22	0.23
121	22	0.23
122	22	0.23
123	22	0.23
124	22	0.23
125	22	0.23
126	22	0.23
127	22	0.23
128	22	0.23
129	22	0.23
130	22	0.23
131	22	0.23
132	22	0.23
133	22	0.23
134	22	0.23
135	22	0.23
136	22	0.23
137	22	0.23
138	22	0.23
139	22	0.23
140	22	0.23
141	22	0.23
142	22	0.23
143	22	0.23
144	22	0.23
145	22	0.23
146	22	0.23
147	22	0.23
148	22	0.23
149	22	0.23
0	23	0.24
1	23	0.24
2	23	0.24
3	23	0.24
4	23	0.24
5	23	0.24
6	23	0.24
7	23	0.24
8	23	0.24
9	23	0.24
10	23	0.24
11	23	0.24
12	23	0.24
13	23	0.24
14	23	0.24
15	23	0.24
16	23	0.24
17	23	0.24
18	23	0.24
19	23	0.24
20	23	0.24
21	23	0.24
22	23	0.24
23	23	0.24
24	23	0.24
25	23	0.24
26	23	0.24
27	23	0.24
28	23	0.24
29	23	0.24
30	23	0.24
31	23	0.24
32	23	0.24
33	23	0.24
34	23	0.24
35	23	0.24
36	23	0.24
37	23	0.24
38	23	0.24
39	23	0.24
40	23	0.24
41	23	0.24
42	23	0.24
43	23	0.24
44	23	0.24
45	23	0.24
46	23	0.24
47	23	0.24
48	23	0.24
49	23	0.24
50	23	0.24
51	23	0.24
52	23	0.24
53	23	0.24
54	23	0.24
55	23	0.24
56	23	0.24
57	23	0.24
58	23	0.24
59	23	0.24
60	23	0.24
61	23	0.24
62	23	0.24
63	23	0.24
64	23	0.24
65	23	0.24
66	23	0.24
67	23	0.24
68	23	0.24
69	23	0.24
70	23	0.24
71	23	0.24
72	23	0.24
73	23	0.24
74	23	0.24
75	23	0.24
76	23	0.24
77	23	0.24
78	23	0.24
79	23	0.24
80	23	0.24
81	23	0.24
82	23	0.24
83	23	0.24
84	23	0.24
85	23	0.24
86	23	0.24
87	23	0.24
88	23	0.24
89	23	0.24
90	23	0.24
91	23	0.24
92	23	0.24
93	23	0.24
94	23	0.24
95	23	0.24
96	23	0.24
97	23	0.24
98	23	0.24
99	23	0.24
100	23	0.24
101	23	0.24
102	23	0.24
103	23	0.24
104	23	0.24
105	23	0.24
106	23	0.24
107	23	0.24
108	23	0.24
109	23	0.24
110	23	0.24
111	23	0.24
112	23	0.24
113	23	0.24
114	23	0.24
115	23	0.24
116	23	0.24
117	23	0.24
118	23	0.24
119	23	0.24
120	23	0.24
121	23	0.24
122	23	0.24
123	23	0.24
124	23	0.24
125	23	0.24
126	23	0.24
127	23	0.24
128	23	0.24
129	23	0.24
130	23	0.24
131	23	0.24
132	23	0.24
133	23	0.24
134	23	0.24
135	23	0.24
136	23	0.24
137	23	0.24
138	23	0.24
139	23	0.24
140	23	0.24
141	23	0.24
142	23	0.24
143	23	0.24
144	23	0.24
145	23	0.24
146	23	0.24
147	23	0.24
148	23	0.24
149	23	0.24
0	24	0.25
1	24	0.25
2	24	0.25
3	24	0.25
4	24	0.25
5	24	0.25
6	24	0.25
7	24	0.25
8	24	0.25
9	24	0.25
10	24	0.25
11	24	0.25
12	24	0.25
13	24	0.25
14	24	0.25
15	24	0.25
16	24	0.25
17	24	0.25
18	24	0.25
19	24	0.25
20	24	0.25
21	24	0.25
22	24	0.25
23	24	0.25
24	24	0.25
25	24	0.25
26	24	0.25
27	24	0.25
28	24	0.25
29	24	0.25
30	24	0.25
31	24	0.25
32	24	0.25
33	24	0.25
34	24	0.25
35	24	0.25
36	24	0.25
37	24	0.25
38	24	0.25
39	24	0.25
40	24	0.25
41	24	0.25
42	24	0.25
43	24	0.25
44	24	0.25
45	24	0.25
46	24	0.25
47	24	0.25
48	24	0.25
49	24	0.25
50	24	0.25
51	24	0.25
52	24	0.25
53	24	0.25
54	24	0.25
55	24	0.25
56	24	0.25
57	24	0.25
58	24	0.25
59	24	0.25
60	24	0.25
61	24	0.25
62	24	0.25
63	24	0.25
64	24	0.25
65	24	0.25
66	24	0.25
67	24	0.25
68	24	0.25
69	24	0.25
70	24	0.25
71	24	0.25
72	24	0.25
73	24	0.25
74	24	0.25
75	24	0.25
76	24	0.25
77	24	0.25
78	24	0.25
79	24	0.25
80	24	0.25
81	24	0.25
82	24	0.25
83	24	0.25
84	24	0.25
85	24	0.25
86	24	0.25
87	24	0.25
88	24	0.25
89	24	0.25
90	24	0.25
91	24	0.25
92	24	0.25
93	24	0.25
94	24	0.25
95	24	0.25
96	24	0.25
97	24	0.25
98	24	0.25
99	24	0.25
100	24	0.25
101	24	0.25
102	24	0.25
103	24	0.25
104	24	0.25
105	24	0.25
106	24	0.25
107	24	0.25
108	24	0.25
109	24	0.25
110	24	0.25
111	24	0.25
112	24	0.25
113	24	0.25
114	24	0.25
115	24	0.25
116	24	0.25
117	24	0.25
118	24	0.25
119	24	0.25
120	24	0.25
121	24	0.25
122	24	0.25
123	24	0.25
124	24	0.25
125	24	0.25
126	24	0.25
127	24	0.25
128	24	0.25
129	24	0.25
130	24	0.25
131	24	0.25
132	24	0.25
133	24	0.25
134	24	0.25
135	24	0.25
136	24	0.25
137	24	0.25
138	24	0.25
139	24	0.25
140	24	0.25
141	24	0.25
142	24	0.25
143	24	0.25
144	24	0.25
145	24	0.25
146	24	0.25
147	24	0.25
148	24	0.25
149	24	0.25
0	25	0.26
1	25	0.26
2	25	0.26
3	25	0.26
4	25	0.26
5	25	0.26
6	25	0.26
7	25	0.26
8	25	0.26
9	25	0.26
10	25	0.26
11	25	0.26
12	25	0.26
13	25	0.26
14	25	0.26
15	25	0.26
16	25	0.26
17	25	0.26
18	25	0.26
19	25	0.26
20	25	0.26
21	25	0.26
22	25	0.26
23	25	0.26
24	25	0.26
25	25	0.26
26	25	0.26
27	25	0.26
28	25	0.26
29	25	0.26
30	25	0.26
31	25	0.26
32	25	0.26
33	25	0.26
34	25	0.26
35	25	0.26
36	25	0.26
37	25	0.26
38	25	0.26
39	25	0.26
40	25	0.26
41	25	0.26
42	25	0.26
43	25	0.26
44	25	0.26
45	25	0.26
46	25	0.26
47	25	0.26
48	25	0.26
49	25	0.26
50	25	0.26
51	25	0.26
52	25	0.26
53	25	0.26
54	25	0.26
55	25	0.26
56	25	0.26
57	25	0.26
58	25	0.26
59	25	0.26
60	25	0.26
61	25	0.26
62	25	0.26
63	25	0.26
64	25	0.26
65	25	0.26
66	25	0.26
67	25	0.26
68	25	0.26
69	25	0.26
70	25	0.26
71	25	0.26
72	25	0.26
73	25	0.26
74	25	0.26
75	25	0.26
76	25	0.26
77	25	0.26
78	25	0.26
79	25	0.26
80	25	0.26
81	25	0.26
82	25	0.26
83	25	0.26
84	25	0.26
85	25	0.26
86	25	0.26
87	25	0.26
88	25	0.26
89	25	0.26
90	25	0.26
91	25	0.26
92	25	0.26
93	25	0.26
94	25	0.26
95	25	0.26
96	25	0.26
97	25	0.26
98	25	0.26
99	25	0.26
100	25	0.26
101	25	0.26
102	25	0.26
103	25	0.26
104	25	0.26
105	25	0.26
106	25	0.26
107	25	0.26
108	25	0.26
109	25	0.26
110	25	0.26
111	25	0.26
112	25	0.26
113	25	0.26
114	25	0.26
115	25	0.26
116	25	0.26
117	25	0.26
118	25	0.26
119	25	0.26
120	25	0.26
121	25	0.26
122	25	0.26
123	25	0.26
124	25	0.26
125	25	0.26
126	25	0.26
127	25	0.26
128	25	0.26
129	25	0.26
130	25	0.26
131	25	0.26
132	25	0.26
133	25	0.26
134	25	0.26
135	25	0.26
136	25	0.26
137	25	0.26
138	25	0.26
139	25	0.26
140	25	0.26
141	25	0.26
142	25	0.26
143	25	0.26
144	25	0.26
145	25	0.26
146	25	0.26
147	25	0.26
148	25	0.26
149	25	0.26
0	26	0.27
1	26	0.27
2	26	0.27
3	26	0.27
4	26	0.27
5	26	0.27
6	26	0.27
7	26	0.27
8	26	0.27
9	26	0.27
10	26	0.27
11	26	0.27
12	26	0.27
13	26	0.27
14	26	0.27
15	26	0.27
16	26	0.27
17	26	0.27
18	26	0.27
19	26	0.27
20	26	0.27
21	26	0.27
22	26	0.27
23	26	0.27
24	26	0.27
25	26	0.27
26	26	0.27
27	26	0.27
28	26	0.27
29	26	0.27
30	26	0.27
31	26	0.27
32	26	0.27
33	26	0.27
34	26	0.27
35	26	0.27
36	26	0.27
37	26	0.27
38	26	0.27
39	26	0.27
40	26	0.27
41	26	0.27
42	26	0.27
43	26	0.27
44	26	0.27
45	26	0.27
46	26	0.27
47	26	0.27
48	26	0.27
49	26	0.27
50	26	0.27
51	26	0.27
52	26	0.27
53	26	0.27
54	26	0.27
55	26	0.27
56	26	0.27
57	26	0.27
58	26	0.27
59	26	0.27
60	26	0.27
61	26	0.27
62	26	0.27
63	26	0.27
64	26	0.27
65	26	0.27
66	26	0.27
67	26	0.27
68	26	0.27
69	26	0.27
70	26	0.27
71	26	0.27
72	26	0.27
73	26	0.27
74	26	0.27
75	26	0.27
76	26	0.27
77	26	0.27
78	26	0.27
79	26	0.27
80	26	0.27
81	26	0.27
82	26	0.27
83	26	0.27
84	26	0.27
85	26	0.27
86	26	0.27
87	26	0.27
88	26	0.27
89	26	0.27
90	26	0.27
91	26	0.27
92	26	0.27
93	26	0.27
94	26	0.27
95	26	0.27
96	26	0.27
97	26	0.27
98	26	0.27
99	26	0.27
100	26	0.27
101	26	0.27
102	26	0.27
103	26	0.27
104	26	0.27
105	26	0.27
106	26	0.27
107	26	0.27
108	26	0.27
109	26	0.27
110	26	0.27
111	26	0.27
112	26	0.27
113	26	0.27
114	26	0.27
115	26	0.27
116	26	0.27
117	26	0.27
118	26	0.27
119	26	0.27
120	26	0.27
121	26	0.27
122	26	0.27
123	26	0.27
124	26	0.27
125	26	0.27
126	26	0.27
127	26	0.27
128	26	0.27
129	26	0.27
130	26	0.27
131	26	0.27
132	26	0.27
133	26	0.27
134	26	0.27
135	26	0.27
136	26	0.27
137	26	0.27
138	26	0.27
139	26	0.27
140	26	0.27
141	26	0.27
142	26	0.27
143	26	0.27
144	26	0.27
145	26	0.27
146	26	0.27
147	26	0.27
148	26	0.27
149	26	0.27
0	27	0.28
1	27	0.28
2	27	0.28
3	27	0.28
4	27	0.28
5	27	0.28
6	27	0.28
7	27	0.28
8	27	0.28
9	27	0.28
10	27	0.28
11	27	0.28
12	27	0.28
13	27	0.28
14	27	0.28
15	27	0.28
16	27	0.28
17	27	0.28
18	27	0.28
19	27	0.28
20	27	0.28
21	27	0.28
22	27	0.28
23	27	0.28
24	27	0.28
25	27	0.28
26	27	0.28
27	27	0.28
28	27	0.28
29	27	0.28
30	27	0.28
31	27	0.28
32	27	0.28
33	27	0.28
34	27	0.28
35	27	0.28
36	27	0.28
37	27	0.28
38	27	0.28
39	27	0.28
40	27	0.28
41	27	0.28
42	27	0.28
43	27	0.28
44	27	0.28
45	27	0.28
46	27	0.28
47	27	0.28
48	27	0.28
49	27	0.28
50	27	0.28
51	27	0.28
52	27	0.28
53	27	0.28
54	27	0.28
55	27	0.28
56	27	0.28
57	27	0.28
58	27	0.28
59	27	0.28
60	27	0.28
61	27	0.28
62	27	0.28
63	27	0.28
64	27	0.28
65	27	0.28
66	27	0.28
67	27	0.28
68	27	0.28
69	27	0.28
70	27	0.28
71	27	0.28
72	27	0.28
73	27	0.28
74	27	0.28
75	27	0.28
76	27	0.28
77	27	0.28
78	27	0.28
79	27	0.28
80	27	0.28
81	27	0.28
82	27	0.28
83	27	0.28
84	27	0.28
85	27	0.28
86	27	0.28
87	27	0.28
88	27	0.28
89	27	0.28
90	27	0.28
91	27	0.28
92	27	0.28
93	27	0.28
94	27	0.28
95	27	0.28
96	27	0.28
97	27	0.28
98	27	0.28
99	27	0.28
100	27	0.28
101	27	0.28
102	27	0.28
103	27	0.28
104	27	0.28
105	27	0.28
106	27	0.28
107	27	0.28
108	27	0.28
109	27	0.28
110	27	0.28
111	27	0.28
112	27	0.28
113	27	0.28
114	27	0.28
115	27	0.28
116	27	0.28
117	27	0.28
118	27	0.28
119	27	0.28
120	27	0.28
121	27	0.28
122	27	0.28
123	27	0.28
124	27	0.28
125	27	0.28
126	27	0.28
127	27	0.28
128	27	0.28
129	27	0.28
130	27	0.28
131	27	0.28
132	27	0.28
133	27	0.28
134	27	0.28
135	27	0.28
136	27	0.28
137	27	0.28
138	27	0.28
139	27	0.28
140	27	0.28
141	27	0.28
142	27	0.28
143	27	0.28
144	27	0.28
145	27	0.28
146	27	0.28
147	27	0.28
148	27	0.28
149	27	0.28
0	28	0.29
1	28	0.29
2	28	0.29
3	28	0.29
4	28	0.29
5	28	0.29
6	28	0.29
7	28	0.29
8	28	0.29
9	28	0.29
10	28	0.29
11	28	0.29
12	28	0.29
13	28	0.29
14	28	0.29
15	28	0.29
16	28	0.29
17	28	0.29
18	28	0.29
19	28	0.29
20	28	0.29
21	28	0.29
22	28	0.29
23	28	0.29
24	28	0.29
25	28	0.29
26	28	0.29
27	28	0.29
28	28	0.29
29	28	0.29
30	28	0.29
31	28	0.29
32	28	0.29
33	28	0.29
34	28	0.29
35	28	0.29
36	28	0.29
37	28	0.29
38	28	0.29
39	28	0.29
40	28	0.29
41	28	0.29
42	28	0.29
43	28	0.29
44	28	0.29
45	28	0.29
46	28	0.29
47	28	0.29
48	28	0.29
49	28	0.29
50	28	0.29
51	28	0.29
52	28	0.29
53	28	0.29
54	28	0.29
55	28	0.29
56	28	0.29
57	28	0.29
58	28	0.29
59	28	0.29
60	28	0.29
61	28	0.29
62	28	0.29
63	28	0.29
64	28	0.29
65	28	0.29
66	28	0.29
67	28	0.29
68	28	0.29
69	28	0.29
70	28	0.29
71	28	0.29
72	28	0.29
73	28	0.29
74	28	0.29
75	28	0.29
76	28	0.29
77	28	0.29
78	28	0.29
79	28	0.29
80	28	0.29
81	28	0.29
82	28	0.29
83	28	0.29
84	28	0.29
85	28	0.29
86	28	0.29
87	28	0.29
88	28	0.29
89	28	0.29
90	28	0.29
91	28	0.29
92	28	0.29
93	28	0.29
94	28	0.29
95	28	0.29
96	28	0.29
97	28	0.29
98	28	0.29
99	28	0.29
100	28	0.29
101	28	0.29
102	28	0.29
103	28	0.29
104	28	0.29
105	28	0.29
106	28	0.29
107	28	0.29
108	28	0.29
109	28	0.29
110	28	0.29
111	28	0.29
112	28	0.29
113	28	0.29
114	28	0.29
115	28	0.29
116	28	0.29
117	28	0.29
118	28	0.29
119	28	0.29
120	28	0.29
121	28	0.29
122	28	0.29
123	28	0.29
124	28	0.29
125	28	0.29
126	28	0.29
127	28	0.29
128	28	0.29
129	28	0.29
130	28	0.29
131	28	0.29
132	28	0.29
133	28	0.29
134	28	0.29
135	28	0.29
136	28	0.29
137	28	0.29
138	28	0.29
139	28	0.29
140	28	0.29
141	28	0.29
142	28	0.29
143	28	0.29
144	28	0.29
145	28	0.29
146	28	0.29
147	28	0.29
148	28	0.29
149	28	0.29
0	29	0.3
1	29	0.3
2	29	0.3
3	29	0.3
4	29	0.3
5	29	0.3
6	29	0.3
7	29	0.3
8	29	0.3
9	29	0.3
10	29	0.3
11	29	0.3
12	29	0.3
13	29	0.3
14	29	0.3
15	29	0.3
16	29	0.3
17	29	0.3
18	29	0.3
19	29	0.3
20	29	0.3
21	29	0.3
22	29	0.3
23	29	0.3
24	29	0.3
25	29	0.3
26	29	0.3
27	29	0.3
28	29	0.3
29	29	0.3
30	29	0.3
31	29	0.3
32	29	0.3
33	29	0.3
34	29	0.3
35	29	0.3
36	29	0.3
37	29	0.3
38	29	0.3
39	29	0.3
40	29	0.3
41	29	0.3
42	29	0.3
43	29	0.3
44	29	0.3
45	29	0.3
46	29	0.3
47	29	0.3
48	29	0.3
49	29	0.3
50	29	0.3
51	29	0.3
52	29	0.3
53	29	0.3
54	29	0.3
55	29	0.3
56	29	0.3
57	29	0.3
58	29	0.3
59	29	0.3
60	29	0.3
61	29	0.3
62	29	0.3
63	29	0.3
64	29	0.3
65	29	0.3
66	29	0.3
67	29	0.3
68	29	0.3
69	29	0.3
70	29	0.3
71	29	0.3
72	29	0.3
73	29	0.3
74	29	0.3
75	29	0.3
76	29	0.3
77	29	0.3
78	29	0.3
79	29	0.3
80	29	0.3
81	29	0.3
82	29	0.3
83	29	0.3
84	29	0.3
85	29	0.3
86	29	0.3
87	29	0.3
88	29	0.3
89	29	0.3
90	29	0.3
91	29	0.3
92	29	0.3
93	29	0.3
94	29	0.3
95	29	0.3
96	29	0.3
97	29	0.3
98	29	0.3
99	29	0.3
100	29	0.3
101	29	0.3
102	29	0.3
103	29	0.3
104	29	0.3
105	29	0.3
106	29	0.3
107	29	0.3
108	29	0.3
109	29	0.3
110	29	0.3
111	29	0.3
112	29	0.3
113	29	0.3
114	29	0.3
115	29	0.3
116	29	0.3
117	29	0.3
118	29	0.3
119	29	0.3
120	29	0.3
121	29	0.3
122	29	0.3
123	29	0.3
124	29	0.3
125	29	0.3
126	29	0.3
127	29	0.3
128	29	0.3
129	29	0.3
130	29	0.3
131	29	0.3
132	29	0.3
133	29	0.3
134	29	0.3
135	29	0.3
136	29	0.3
137	29	0.3
138	29	0.3
139	29	0.3
140	29	0.3
141	29	0.3
142	29	0.3
143	29	0.3
144	29	0.3
145	29	0.3
146	29	0.3
147	29	0.3
148	29	0.3
149	29	0.3
0	30	0.31
1	30	0.31
2	30	0.31
3	30	0.31
4	30	0.31
5	30	0.31
6	30	0.31
7	30	0.31
8	30	0.31
9	30	0.31
10	30	0.31
11	30	0.31
12	30	0.31
13	30	0.31
14	30	0.31
15	30	0.31
16	30	0.31
17	30	0.31
18	30	0.31
19	30	0.31
20	30	0.31
21	30	0.31
22	30	0.31
23	30	0.31
24	30	0.31
25	30	0.31
26	30	0.31
27	30	0.31
28	30	0.31
29	30	0.31
30	30	0.31
31	30	0.31
32	30	0.31
33	30	0.31
34	30	0.31
35	30	0.31
36	30	0.31
37	30	0.31
38	30	0.31
39	30	0.31
40	30	0.31
41	30	0.31
42	30	0.31
43	30	0.31
44	30	0.31
45	30	0.31
46	30	0.31
47	30	0.31
48	30	0.31
49	30	0.31
50	30	0.31
51	30	0.31
52	30	0.31
53	30	0.31
54	30	0.31
55	30	0.31
56	30	0.31
57	30	0.31
58	30	0.31
59	30	0.31
60	30	0.31
61	30	0.31
62	30	0.31
63	30	0.31
64	30	0.31
65	30	0.31
66	30	0.31
67	30	0.31
68	30	0.31
69	30	0.31
70	30	0.31
71	30	0.31
72	30	0.31
73	30	0.31
74	30	0.31
75	30	0.31
76	30	0.31
77	30	0.31
78	30	0.31
79	30	0.31
80	30	0.31
81	30	0.31
82	30	0.31
83	30	0.31
84	30	0.31
85	30	0.31
86	30	0.31
87	30	0.31
88	30	0.31
89	30	0.31
90	30	0.31
91	30	0.31
92	30	0.31
93	30	0.31
94	30	0.31
95	30	0.31
96	30	0.31
97	30	0.31
98	30	0.31
99	30	0.31
100	30	0.31
101	30	0.31
102	30	0.31
103	30	0.31
104	30	0.31
105	30	0.31
106	30	0.31
107	30	0.31
108	30	0.31
109	30	0.31
110	30	0.31
111	30	0.31
112	30	0.31
113	30	0.31
114	30	0.31
115	30	0.31
116	30	0.31
117	30	0.31
118	30	0.31
119	30	0.31
120	30	0.31
121	30	0.31
122	30	0.31
123	30	0.31
124	30	0.31
125	30	0.31
126	30	0.31
127	30	0.31
128	30	0.31
129	30	0.31
130	30	0.31
131	30	0.31
132	30	0.31
133	30	0.31
134	30	0.31
135	30	0.31
136	30	0.31
137	30	0.31
138	30	0.31
139	30	0.31
140	30	0.31
141	30	0.31
142	30	0.31
143	30	0.31
144	30	0.31
145	30	0.31
146	30	0.31
147	30	0.31
148	30	0.31
149	30	0.31
0	31	0.32
1	31	0.32
2	31	0.32
3	31	0.32
4	31	0.32
5	31	0.32
6	31	0.32
7	31	0.32
8	31	0.32
9	31	0.32
10	31	0.32
11	31	0.32
12	31	0.32
13	31	0.32
14	31	0.32
15	31	0.32
16	31	0.32
17	31	0.32
18	31	0.32
19	31	0.32
20	31	0.32
21	31	0.32
22	31	0.32
23	31	0.32
24	31	0.32
25	31	0.32
26	31	0.32
27	31	0.32
28	31	0.32
29	31	0.32
30	31	0.32
31	31	0.32
32	31	0.32
33	31	0.32
34	31	0.32
35	31	0.32
36	31	0.32
37	31	0.32
38	31	0.32
39	31	0.32
40	31	0.32
41	31	0.32
42	31	0.32
43	31	0.32
44	31	0.32
45	31	0.32
46	31	0.32
47	31	0.32
48	31	0.32
49	31	0.32
50	31	0.32
51	31	0.32
52	31	0.32
53	31	0.32
54	31	0.32
55	31	0.32
56	31	0.32
57	31	0.32
58	31	0.32
59	31	0.32
60	31	0.32
61	31	0.32
62	31	0.32
63	31	0.32
64	31	0.32
65	31	0.32
66	31	0.32
67	31	0.32
68	31	0.32
69	31	0.32
70	31	0.32
71	31	0.32
72	31	0.32
73	31	0.32
74	31	0.32
75	31	0.32
76	31	0.32
77	31	0.32
78	31	0.32
79	31	0.32
80	31	0.32
81	31	0.32
82	31	0.32
83	31	0.32
84	31	0.32
85	31	0.32
86	31	0.32
87	31	0.32
88	31	0.32
89	31	0.32
90	31	0.32
91	31	0.32
92	31	0.32
93	31	0.32
94	31	0.32
95	31	0.32
96	31	0.32
97	31	0.32
98	31	0.32
99	31	0.32
100	31	0.32
101	31	0.32
102	31	0.32
103	31	0.32
104	31	0.32
105	31	0.32
106	31	0.32
107	31	0.32
108	31	0.32
109	31	0.32
110	31	0.32
111	31	0.32
112	31	0.32
113	31	0.32
114	31	0.32
115	31	0.32
116	31	0.32
117	31	0.32
118	31	0.32
119	31	0.32
120	31	0.32
121	31	0.32
122	31	0.32
123	31	0.32
124	31	0.32
125	31	0.32
126	31	0.32
127	31	0.32
128	31	0.32
129	31	0.32
130	31	0.32
131	31	0.32
132	31	0.32
133	31	0.32
134	31	0.32
135	31	0.32
136	31	0.32
137	31	0.32
138	31	0.32
139	31	0.32
140	31	0.32
141	31	0.32
142	31	0.32
143	31	0.32
144	31	0.32
145	31	0.32
146	31	0.32
147	31	0.32
148	31	0.32
149	31	0.32
0	32	0.33
1	32	0.33
2	32	0.33
3	32	0.33
4	32	0.33
5	32	0.33
6	32	0.33
7	32	0.33
8	32	0.33
9	32	0.33
10	32	0.33
11	32	0.33
12	32	0.33
13	32	0.33
14	32	0.33
15	32	0.33
16	32	0.33
17	32	0.33
18	32	0.33
19	32	0.33
20	32	0.33
21	32	0.33
22	32	0.33
23	32	0.33
24	32	0.33
25	32	0.33
26	32	0.33
27	32	0.33
28	32	0.33
29	32	0.33
30	32	0.33
31	32	0.33
32	32	0.33
33	32	0.33
34	32	0.33
35	32	0.33
36	32	0.33
37	32	0.33
38	32	0.33
39	32	0.33
40	32	0.33
41	32	0.33
42	32	0.33
43	32	0.33
44	32	0.33
45	32	0.33
46	32	0.33
47	32	0.33
48	32	0.33
49	32	0.33
50	32	0.33
51	32	0.33
52	32	0.33
53	32	0.33
54	32	0.33
55	32	0.33
56	32	0.33
57	32	0.33
58	32	0.33
59	32	0.33
60	32	0.33
61	32	0.33
62	32	0.33
63	32	0.33
64	32	0.33
65	32	0.33
66	32	0.33
67	32	0.33
68	32	0.33
69	32	0.33
70	32	0.33
71	32	0.33
72	32	0.33
73	32	0.33
74	32	0.33
75	32	0.33
76	32	0.33
77	32	0.33
78	32	0.33
79	32	0.33
80	32	0.33
81	32	0.33
82	32	0.33
83	32	0.33
84	32	0.33
85	32	0.33
86	32	0.33
87	32	0.33
88	32	0.33
89	32	0.33
90	32	0.33
91	32	0.33
92	32	0.33
93	32	0.33
94	32	0.33
95	32	0.33
96	32	0.33
97	32	0.33
98	32	0.33
99	32	0.33
100	32	0.33
101	32	0.33
102	32	0.33
103	32	0.33
104	32	0.33
105	32	0.33
106	32	0.33
107	32	0.33
108	32	0.33
109	32	0.33
110	32	0.33
111	32	0.33
112	32	0.33
113	32	0.33
114	32	0.33
115	32	0.33
116	32	0.33
117	32	0.33
118	32	0.33
119	32	0.33
120	32	0.33
121	32	0.33
122	32	0.33
123	32	0.33
124	32	0.33
125	32	0.33
126	32	0.33
127	32	0.33
128	32	0.33
129	32	0.33
130	32	0.33
131	32	0.33
132	32	0.33
133	32	0.33
134	32	0.33
135	32	0.33
136	32	0.33
137	32	0.33
138	32	0.33
139	32	0.33
140	32	0.33
141	32	0.33
142	32	0.33
143	32	0.33
144	32	0.33
145	32	0.33
146	32	0.33
147	32	0.33
148	32	0.33
149	32	0.33
0	33	0.34
1	33	0.34
2	33	0.34
3	33	0.34
4	33	0.34
5	33	0.34
6	33	0.34
7	33	0.34
8	33	0.34
9	33	0.34
10	33	0.34
11	33	0.34
12	33	0.34
13	33	0.34
14	33	0.34
15	33	0.34
16	33	0.34
17	33	0.34
18	33	0.34
19	33	0.34
20	33	0.34
21	33	0.34
22	33	0.34
23	33	0.34
24	33	0.34
25	33	0.34
26	33	0.34
27	33	0.34
28	33	0.34
29	33	0.34
30	33	0.34
31	33	0.34
32	33	0.34
33	33	0.34
34	33	0.34
35	33	0.34
36	33	0.34
37	33	0.34
38	33	0.34
39	33	0.34
40	33	0.34
41	33	0.34
42	33	0.34
43	33	0.34
44	33	0.34
45	33	0.34
46	33	0.34
47	33	0.34
48	33	0.34
49	33	0.34
50	33	0.34
51	33	0.34
52	33	0.34
53	33	0.34
54	33	0.34
55	33	0.34
56	33	0.34
57	33	0.34
58	33	0.34
59	33	0.34
60	33	0.34
61	33	0.34
62	33	0.34
63	33	0.34
64	33	0.34
65	33	0.34
66	33	0.34
67	33	0.34
68	33	0.34
69	33	0.34
70	33	0.34
71	33	0.34
72	33	0.34
73	33	0.34
74	33	0.34
75	33	0.34
76	33	0.34
77	33	0.34
78	33	0.34
79	33	0.34
80	33	0.34
81	33	0.34
82	33	0.34
83	33	0.34
84	33	0.34
85	33	0.34
86	33	0.34
87	33	0.34
88	33	0.34
89	33	0.34
90	33	0.34
91	33	0.34
92	33	0.34
93	33	0.34
94	33	0.34
95	33	0.34
96	33	0.34
97	33	0.34
98	33	0.34
99	33	0.34
100	33	0.34
101	33	0.34
102	33	0.34
103	33	0.34
104	33	0.34
105	33	0.34
106	33	0.34
107	33	0.34
108	33	0.34
109	33	0.34
110	33	0.34
111	33	0.34
112	33	0.34
113	33	0.34
114	33	0.34
115	33	0.34
116	33	0.34
117	33	0.34
118	33	0.34
119	33	0.34
120	33	0.34
121	33	0.34
122	33	0.34
123	33	0.34
124	33	0.34
125	33	0.34
126	33	0.34
127	33	0.34
128	33	0.34
129	33	0.34
130	33	0.34
131	33	0.34
132	33	0.34
133	33	0.34
134	33	0.34
135	33	0.34
136	33	0.34
137	33	0.34
138	33	0.34
139	33	0.34
140	33	0.34
141	33	0.34
142	33	0.34
143	33	0.34
144	33	0.34
145	33	0.34
146	33	0.34
147	33	0.34
148	33	0.34
149	33	0.34
0	34	0.35000000000000003
1	34	0.35000000000000003
2	34	0.35000000000000003
3	34	0.35000000000000003
4	34	0.35000000000000003
5	34	0.35000000000000003
6	34	0.35000000000000003
7	34	0.35000000000000003
8	34	0.35000000000000003
9	34	0.35000000000000003
10	34	0.35000000000000003
11	34	0.35000000000000003
12	34	0.35000000000000003
13	34	0.35000000000000003
14	34	0.35000000000000003
15	34	0.35000000000000003
16	34	0.35000000000000003
17	34	0.35000000000000003
18	34	0.35000000000000003
19	34	0.35000000000000003
20	34	0.35000000000000003
21	34	0.35000000000000003
22	34	0.35000000000000003
23	34	0.35000000000000003
24	34	0.35000000000000003
25	34	0.35000000000000003
26	34	0.35000000000000003
27	34	0.35000000000000003
28	34	0.35000000000000003
29	34	0.35000000000000003
30	34	0.35000000000000003
31	34	0.35000000000000003
32	34	0.35000000000000003
33	34	0.35000000000000003
34	34	0.35000000000000003
35	34	0.35000000000000003
36	34	0.35000000000000003
37	34	0.35000000000000003
38	34	0.35000000000000003
39	34	0.35000000000000003
40	34	0.35000000000000003
41	34	0.35000000000000003
42	34	0.35000000000000003
43	34	0.35000000000000003
44	34	0.35000000000000003
45	34	0.35000000000000003
46	34	0.35000000000000003
47	34	0.35000000000000003
48	34	0.35000000000000003
49	34	0.35000000000000003
50	34	0.35000000000000003
51	34	0.35000000000000003
52	34	0.35000000000000003
53	34	0.35000000000000003
54	34	0.35000000000000003
55	34	0.35000000000000003
56	34	0.35000000000000003
57	34	0.35000000000000003
58	34	0.35000000000000003
59	34	0.35000000000000003
60	34	0.35000000000000003
61	34	0.35000000000000003
62	34	0.35000000000000003
63	34	0.35000000000000003
64	34	0.35000000000000003
65	34	0.35000000000000003
66	34	0.35000000000000003
67	34	0.35000000000000003
68	34	0.35000000000000003
69	34	0.35000000000000003
70	34	0.35000000000000003
71	34	0.35000000000000003
72	34	0.35000000000000003
73	34	0.35000000000000003
74	34	0.35000000000000003
75	34	0.35000000000000003
76	34	0.35000000000000003
77	34	0.35000000000000003
78	34	0.35000000000000003
79	34	0.35000000000000003
80	34	0.35000000000000003
81	34	0.35000000000000003
82	34	0.35000000000000003
83	34	0.35000000000000003
84	34	0.35000000000000003
85	34	0.35000000000000003
86	34	0.35000000000000003
87	34	0.35000000000000003
88	34	0.35000000000000003
89	34	0.35000000000000003
90	34	0.35000000000000003
91	34	0.35000000000000003
92	34	0.35000000000000003
93	34	0.35000000000000003
94	34	0.35000000000000003
95	34	0.35000000000000003
96	34	0.35000000000000003
97	34	0.35000000000000003
98	34	0.35000000000000003
99	34	0.35000000000000003
100	34	0.35000000000000003
101	34	0.35000000000000003
102	34	0.35000000000000003
103	34	0.35000000000000003
104	34	0.35000000000000003
105	34	0.35000000000000003
106	34	0.35000000000000003
107	34	0.35000000000000003
108	34	0.35000000000000003
109	34	0.35000000000000003
110	34	0.35000000000000003
111	34	0.35000000000000003
112	34	0.35000000000000003
113	34	0.35000000000000003
114	34	0.35000000000000003
115	34	0.35000000000000003
116	34	0.35000000000000003
117	34	0.35000000000000003
118	34	0.35000000000000003
119	34	0.35000000000000003
120	34	0.35000000000000003
121	34	0.35000000000000003
122	34	0.35000000000000003
123	34	0.35000000000000003
124	34	0.35000000000000003
125	34	0.35000000000000003
126	34	0.35000000000000003
127	34	0.35000000000000003
128	34	0.35000000000000003
129	34	0.35000000000000003
130	34	0.35000000000000003
131	34	0.35000000000000003
132	34	0.35000000000000003
133	34	0.35000000000000003
134	34	0.35000000000000003
135	34	0.35000000000000003
136	34	0.35000000000000003
137	34	0.35000000000000003
138	34	0.35000000000000003
139	34	0.35000000000000003
140	34	0.35000000000000003
141	34	0.35000000000000003
142	34	0.35000000000000003
143	34	0.35000000000000003
144	34	0.35000000000000003
145	34	0.35000000000000003
146	34	0.35000000000000003
147	34	0.35000000000000003
148	34	0.35000000000000003
149	34	0.35000000000000003
0	35	0.36
1	35	0.36
2	35	0.36
3	35	0.36
4	35	0.36
5	35	0.36
6	35	0.36
7	35	0.36
8	35	0.36
9	35	0.36
10	35	0.36
11	35	0.36
12	35	0.36
13	35	0.36
14	35	0.36
15	35	0.36
16	35	0.36
17	35	0.36
18	35	0.36
19	35	0.36
20	35	0.36
21	35	0.36
22	35	0.36
23	35	0.36
24	35	0.36
25	35	0.36
26	35	0.36
27	35	0.36
28	35	0.36
29	35	0.36
30	35	0.36
31	35	0.36
32	35	0.36
33	35	0.36
34	35	0.36
35	35	0.36
36	35	0.36
37	35	0.36
38	35	0.36
39	35	0.36
40	35	0.36
41	35	0.36
42	35	0.36
43	35	0.36
44	35	0.36
45	35	0.36
46	35	0.36
47	35	0.36
48	35	0.36
49	35	0.36
50	35	0.36
51	35	0.36
52	35	0.36
53	35	0.36
54	35	0.36
55	35	0.36
56	35	0.36
57	35	0.36
58	35	0.36
59	35	0.36
60	35	0.36
61	35	0.36
62	35	0.36
63	35	0.36
64	35	0.36
65	35	0.36
66	35	0.36
67	35	0.36
68	35	0.36
69	35	0.36
70	35	0.36
71	35	0.36
72	35	0.36
73	35	0.36
74	35	0.36
75	35	0.36
76	35	0.36
77	35	0.36
78	35	0.36
79	35	0.36
80	35	0.36
81	35	0.36
82	35	0.36
83	35	0.36
84	35	0.36
85	35	0.36
86	35	0.36
87	35	0.36
88	35	0.36
89	35	0.36
90	35	0.36
91	35	0.36
92	35	0.36
93	35	0.36
94	35	0.36
95	35	0.36
96	35	0.36
97	35	0.36
98	35	0.36
99	35	0.36
100	35	0.36
101	35	0.36
102	35	0.36
103	35	0.36
104	35	0.36
105	35	0.36
106	35	0.36
107	35	0.36
108	35	0.36
109	35	0.36
110	35	0.36
111	35	0.36
112	35	0.36
113	35	0.36
114	35	0.36
115	35	0.36
116	35	0.36
117	35	0.36
118	35	0.36
119	35	0.36
120	35	0.36
121	35	0.36
122	35	0.36
123	35	0.36
124	35	0.36
125	35	0.36
126	35	0.36
127	35	0.36
128	35	0.36
129	35	0.36
130	35	0.36
131	35	0.36
132	35	0.36
133	35	0.36
134	35	0.36
135	35	0.36
136	35	0.36
137	35	0.36
138	35	0.36
139	35	0.36
140	35	0.36
141	35	0.36
142	35	0.36
143	35	0.36
144	35	0.36
145	35	0.36
146	35	0.36
147	35	0.36
148	35	0.36
149	35	0.36
0	36	0.37
1	36	0.37
2	36	0.37
3	36	0.37
4	36	0.37
5	36	0.37
6	36	0.37
7	36	0.37
8	36	0.37
9	36	0.37
10	36	0.37
11	36	0.37
12	36	0.37
13	36	0.37
14	36	0.37
15	36	0.37
16	36	0.37
17	36	0.37
18	36	0.37
19	36	0.37
20	36	0.37
21	36	0.37
22	36	0.37
23	36	0.37
24	36	0.37
25	36	0.37
26	36	0.37
27	36	0.37
28	36	0.37
29	36	0.37
30	36	0.37
31	36	0.37
32	36	0.37
33	36	0.37
34	36	0.37
35	36	0.37
36	36	0.37
37	36	0.37
38	36	0.37
39	36	0.37
40	36	0.37
41	36	0.37
42	36	0.37
43	36	0.37
44	36	0.37
45	36	0.37
46	36	0.37
47	36	0.37
48	36	0.37
49	36	0.37
50	36	0.37
51	36	0.37
52	36	0.37
53	36	0.37
54	36	0.37
55	36	0.37
56	36	0.37
57	36	0.37
58	36	0.37
59	36	0.37
60	36	0.37
61	36	0.37
62	36	0.37
63	36	0.37
64	36	0.37
65	36	0.37
66	36	0.37
67	36	0.37
68	36	0.37
69	36	0.37
70	36	0.37
71	36	0.37
72	36	0.37
73	36	0.37
74	36	0.37
75	36	0.37
76	36	0.37
77	36	0.37
78	36	0.37
79	36	0.37
80	36	0.37
81	36	0.37
82	36	0.37
83	36	0.37
84	36	0.37
85	36	0.37
86	36	0.37
87	36	0.37
88	36	0.37
89	36	0.37
90	36	0.37
91	36	0.37
92	36	0.37
93	36	0.37
94	36	0.37
95	36	0.37
96	36	0.37
97	36	0.37
98	36	0.37
99	36	0.37
100	36	0.37
101	36	0.37
102	36	0.37
103	36	0.37
104	36	0.37
105	36	0.37
106	36	0.37
107	36	0.37
108	36	0.37
109	36	0.37
110	36	0.37
111	36	0.37
112	36	0.37
113	36	0.37
114	36	0.37
115	36	0.37
116	36	0.37
117	36	0.37
118	36	0.37
119	36	0.37
120	36	0.37
121	36	0.37
122	36	0.37
123	36	0.37
124	36	0.37
125	36	0.37
126	36	0.37
127	36	0.37
128	36	0.37
129	36	0.37
130	36	0.37
131	36	0.37
132	36	0.37
133	36	0.37
134	36	0.37
135	36	0.37
136	36	0.37
137	36	0.37
138	36	0.37
139	36	0.37
140	36	0.37
141	36	0.37
142	36	0.37
143	36	0.37
144	36	0.37
145	36	0.37
146	36	0.37
147	36	0.37
148	36	0.37
149	36	0.37
0	37	0.38
1	37	0.38
2	37	0.38
3	37	0.38
4	37	0.38
5	37	0.38
6	37	0.38
7	37	0.38
8	37	0.38
9	37	0.38
10	37	0.38
11	37	0.38
12	37	0.38
13	37	0.38
14	37	0.38
15	37	0.38
16	37	0.38
17	37	0.38
18	37	0.38
19	37	0.38
20	37	0.38
21	37	0.38
22	37	0.38
23	37	0.38
24	37	0.38
25	37	0.38
26	37	0.38
27	37	0.38
28	37	0.38
29	37	0.38
30	37	0.38
31	37	0.38
32	37	0.38
33	37	0.38
34	37	0.38
35	37	0.38
36	37	0.38
37	37	0.38
38	37	0.38
39	37	0.38
40	37	0.38
41	37	0.38
42	37	0.38
43	37	0.38
44	37	0.38
45	37	0.38
46	37	0.38
47	37	0.38
48	37	0.38
49	37	0.38
50	37	0.38
51	37	0.38
52	37	0.38
53	37	0.38
54	37	0.38
55	37	0.38
56	37	0.38
57	37	0.38
58	37	0.38
59	37	0.38
60	37	0.38
61	37	0.38
62	37	0.38
63	37	0.38
64	37	0.38
65	37	0.38
66	37	0.38
67	37	0.38
68	37	0.38
69	37	0.38
70	37	0.38
71	37	0.38
72	37	0.38
73	37	0.38
74	37	0.38
75	37	0.38
76	37	0.38
77	37	0.38
78	37	0.38
79	37	0.38
80	37	0.38
81	37	0.38
82	37	0.38
83	37	0.38
84	37	0.38
85	37	0.38
86	37	0.38
87	37	0.38
88	37	0.38
89	37	0.38
90	37	0.38
91	37	0.38
92	37	0.38
93	37	0.38
94	37	0.38
95	37	0.38
96	37	0.38
97	37	0.38
98	37	0.38
99	37	0.38
100	37	0.38
101	37	0.38
102	37	0.38
103	37	0.38
104	37	0.38
105	37	0.38
106	37	0.38
107	37	0.38
108	37	0.38
109	37	0.38
110	37	0.38
111	37	0.38
112	37	0.38
113	37	0.38
114	37	0.38
115	37	0.38
116	37	0.38
117	37	0.38
118	37	0.38
119	37	0.38
120	37	0.38
121	37	0.38
122	37	0.38
123	37	0.38
124	37	0.38
125	37	0.38
126	37	0.38
127	37	0.38
128	37	0.38
129	37	0.38
130	37	0.38
131	37	0.38
132	37	0.38
133	37	0.38
134	37	0.38
135	37	0.38
136	37	0.38
137	37	0.38
138	37	0.38
139	37	0.38
140	37	0.38
141	37	0.38
142	37	0.38
143	37	0.38
144	37	0.38
145	37	0.38
146	37	0.38
147	37	0.38
148	37	0.38
149	37	0.38
0	38	0.39
1	38	0.39
2	38	0.39
3	38	0.39
4	38	0.39
5	38	0.39
6	38	0.39
7	38	0.39
8	38	0.39
9	38	0.39
10	38	0.39
11	38	0.39
12	38	0.39
13	38	0.39
14	38	0.39
15	38	0.39
16	38	0.39
17	38	0.39
18	38	0.39
19	38	0.39
20	38	0.39
21	38	0.39
22	38	0.39
23	38	0.39
24	38	0.39
25	38	0.39
26	38	0.39
27	38	0.39
28	38	0.39
29	38	0.39
30	38	0.39
31	38	0.39
32	38	0.39
33	38	0.39
34	38	0.39
35	38	0.39
36	38	0.39
37	38	0.39
38	38	0.39
39	38	0.39
40	38	0.39
41	38	0.39
42	38	0.39
43	38	0.39
44	38	0.39
45	38	0.39
46	38	0.39
47	38	0.39
48	38	0.39
49	38	0.39
50	38	0.39
51	38	0.39
52	38	0.39
53	38	0.39
54	38	0.39
55	38	0.39
56	38	0.39
57	38	0.39
58	38	0.39
59	38	0.39
60	38	0.39
61	38	0.39
62	38	0.39
63	38	0.39
64	38	0.39
65	38	0.39
66	38	0.39
67	38	0.39
68	38	0.39
69	38	0.39
70	38	0.39
71	38	0.39
72	38	0.39
73	38	0.39
74	38	0.39
75	38	0.39
76	38	0.39
77	38	0.39
78	38	0.39
79	38	0.39
80	38	0.39
81	38	0.39
82	38	0.39
83	38	0.39
84	38	0.39
85	38	0.39
86	38	0.39
87	38	0.39
88	38	0.39
89	38	0.39
90	38	0.39
91	38	0.39
92	38	0.39
93	38	0.39
94	38	0.39
95	38	0.39
96	38	0.39
97	38	0.39
98	38	0.39
99	38	0.39
100	38	0.39
101	38	0.39
102	38	0.39
103	38	0.39
104	38	0.39
105	38	0.39
106	38	0.39
107	38	0.39
108	38	0.39
109	38	0.39
110	38	0.39
111	38	0.39
112	38	0.39
113	38	0.39
114	38	0.39
115	38	0.39
116	38	0.39
117	38	0.39
118	38	0.39
119	38	0.39
120	38	0.39
121	38	0.39
122	38	0.39
123	38	0.39
124	38	0.39
125	38	0.39
126	38	0.39
127	38	0.39
128	38	0.39
129	38	0.39
130	38	0.39
131	38	0.39
132	38	0.39
133	38	0.39
134	38	0.39
135	38	0.39
136	38	0.39
137	38	0.39
138	38	0.39
139	38	0.39
140	38	0.39
141	38	0.39
142	38	0.39
143	38	0.39
144	38	0.39
145	38	0.39
146	38	0.39
147	38	0.39
148	38	0.39
149	38	0.39
0	39	0.4
1	39	0.4
2	39	0.4
3	39	0.4
4	39	0.4
5	39	0.4
6	39	0.4
7	39	0.4
8	39	0.4
9	39	0.4
10	39	0.4
11	39	0.4
12	39	0.4
13	39	0.4
14	39	0.4
15	39	0.4
16	39	0.4
17	39	0.4
18	39	0.4
19	39	0.4
20	39	0.4
21	39	0.4
22	39	0.4
23	39	0.4
24	39	0.4
25	39	0.4
26	39	0.4
27	39	0.4
28	39	0.4
29	39	0.4
30	39	0.4
31	39	0.4
32	39	0.4
33	39	0.4
34	39	0.4
35	39	0.4
36	39	0.4
37	39	0.4
38	39	0.4
39	39	0.4
40	39	0.4
41	39	0.4
42	39	0.4
43	39	0.4
44	39	0.4
45	39	0.4
46	39	0.4
47	39	0.4
48	39	0.4
49	39	0.4
50	39	0.4
51	39	0.4
52	39	0.4
53	39	0.4
54	39	0.4
55	39	0.4
56	39	0.4
57	39	0.4
58	39	0.4
59	39	0.4
60	39	0.4
61	39	0.4
62	39	0.4
63	39	0.4
64	39	0.4
65	39	0.4
66	39	0.4
67	39	0.4
68	39	0.4
69	39	0.4
70	39	0.4
71	39	0.4
72	39	0.4
73	39	0.4
74	39	0.4
75	39	0.4
76	39	0.4
77	39	0.4
78	39	0.4
79	39	0.4
80	39	0.4
81	39	0.4
82	39	0.4
83	39	0.4
84	39	0.4
85	39	0.4
86	39	0.4
87	39	0.4
88	39	0.4
89	39	0.4
90	39	0.4
91	39	0.4
92	39	0.4
93	39	0.4
94	39	0.4
95	39	0.4
96	39	0.4
97	39	0.4
98	39	0.4
99	39	0.4
100	39	0.4
101	39	0.4
102	39	0.4
103	39	0.4
104	39	0.4
105	39	0.4
106	39	0.4
107	39	0.4
108	39	0.4
109	39	0.4
110	39	0.4
111	39	0.4
112	39	0.4
113	39	0.4
114	39	0.4
115	39	0.4
116	39	0.4
117	39	0.4
118	39	0.4
119	39	0.4
120	39	0.4
121	39	0.4
122	39	0.4
123	39	0.4
124	39	0.4
125	39	0.4
126	39	0.4
127	39	0.4
128	39	0.4
129	39	0.4
130	39	0.4
131	39	0.4
132	39	0.4
133	39	0.4
134	39	0.4
135	39	0.4
136	39	0.4
137	39	0.4
138	39	0.4
139	39	0.4
140	39	0.4
141	39	0.4
142	39	0.4
143	39	0.4
144	39	0.4
145	39	0.4
146	39	0.4
147	39	0.4
148	39	0.4
149	39	0.4
0	40	0.41000000000000003
1	40	0.41000000000000003
2	40	0.41000000000000003
3	40	0.41000000000000003
4	40	0.41000000000000003
5	40	0.41000000000000003
6	40	0.41000000000000003
7	40	0.41000000000000003
8	40	0.41000000000000003
9	40	0.41000000000000003
10	40	0.41000000000000003
11	40	0.41000000000000003
12	40	0.41000000000000003
13	40	0.41000000000000003
14	40	0.41000000000000003
15	40	0.41000000000000003
16	40	0.41000000000000003
17	40	0.41000000000000003
18	40	0.41000000000000003
19	40	0.41000000000000003
20	40	0.41000000000000003
21	40	0.41000000000000003
22	40	0.41000000000000003
23	40	0.41000000000000003
24	40	0.41000000000000003
25	40	0.41000000000000003
26	40	0.41000000000000003
27	40	0.41000000000000003
28	40	0.41000000000000003
29	40	0.41000000000000003
30	40	0.41000000000000003
31	40	0.41000000000000003
32	40	0.41000000000000003
33	40	0.41000000000000003
34	40	0.41000000000000003
35	40	0.41000000000000003
36	40	0.41000000000000003
37	40	0.41000000000000003
38	40	0.41000000000000003
39	40	0.41000000000000003
40	40	0.41000000000000003
41	40	0.41000000000000003
42	40	0.41000000000000003
43	40	0.41000000000000003
44	40	0.41000000000000003
45	40	0.41000000000000003
46	40	0.41000000000000003
47	40	0.41000000000000003
48	40	0.41000000000000003
49	40	0.41000000000000003
50	40	0.41000000000000003
51	40	0.41000000000000003
52	40	0.41000000000000003
53	40	0.41000000000000003
54	40	0.41000000000000003
55	40	0.41000000000000003
56	40	0.41000000000000003
57	40	0.41000000000000003
58	40	0.41000000000000003
59	40	0.41000000000000003
60	40	0.41000000000000003
61	40	0.41000000000000003
62	40	0.41000000000000003
63	40	0.41000000000000003
64	40	0.41000000000000003
65	40	0.41000000000000003
66	40	0.41000000000000003
67	40	0.41000000000000003
68	40	0.41000000000000003
69	40	0.41000000000000003
70	40	0.41000000000000003
71	40	0.41000000000000003
72	40	0.41000000000000003
73	40	0.41000000000000003
74	40	0.41000000000000003
75	40	0.41000000000000003
76	40	0.41000000000000003
77	40	0.41000000000000003
78	40	0.41000000000000003
79	40	0.41000000000000003
80	40	0.41000000000000003
81	40	0.41000000000000003
82	40	0.41000000000000003
83	40	0.41000000000000003
84	40	0.41000000000000003
85	40	0.41000000000000003
86	40	0.41000000000000003
87	40	0.41000000000000003
88	40	0.41000000000000003
89	40	0.41000000000000003
90	40	0.41000000000000003
91	40	0.41000000000000003
92	40	0.41000000000000003
93	40	0.41000000000000003
94	40	0.41000000000000003
95	40	0.41000000000000003
96	40	0.41000000000000003
97	40	0.41000000000000003
98	40	0.41000000000000003
99	40	0.41000000000000003
100	40	0.41000000000000003
101	40	0.41000000000000003
102	40	0.41000000000000003
103	40	0.41000000000000003
104	40	0.41000000000000003
105	40	0.41000000000000003
106	40	0.41000000000000003
107	40	0.41000000000000003
108	40	0.41000000000000003
109	40	0.41000000000000003
110	40	0.41000000000000003
111	40	0.41000000000000003
112	40	0.41000000000000003
113	40	0.41000000000000003
114	40	0.41000000000000003
115	40	0.41000000000000003
116	40	0.41000000000000003
117	40	0.41000000000000003
118	40	0.41000000000000003
119	40	0.41000000000000003
120	40	0.41000000000000003
121	40	0.41000000000000003
122	40	0.41000000000000003
123	40	0.41000000000000003
124	40	0.41000000000000003
125	40	0.41000000000000003
126	40	0.41000000000000003
127	40	0.41000000000000003
128	40	0.41000000000000003
129	40	0.41000000000000003
130	40	0.41000000000000003
131	40	0.41000000000000003
132	40	0.41000000000000003
133	40	0.41000000000000003
134	40	0.41000000000000003
135	40	0.41000000000000003
136	40	0.41000000000000003
137	40	0.41000000000000003
138	40	0.41000000000000003
139	40	0.41000000000000003
140	40	0.41000000000000003
141	40	0.41000000000000003
142	40	0.41000000000000003
143	40	0.41000000000000003
144	40	0.41000000000000003
145	40	0.41000000000000003
146	40	0.41000000000000003
147	40	0.41000000000000003
148	40	0.41000000000000003
149	40	0.41000000000000003
0	41	0.42
1	41	0.42
2	41	0.42
3	41	0.42
4	41	0.42
5	41	0.42
6	41	0.42
7	41	0.42
8	41	0.42
9	41	0.42
10	41	0.42
11	41	0.42
12	41	0.42
13	41	0.42
14	41	0.42
15	41	0.42
16	41	0.42
17	41	0.42
18	41	0.42
19	41	0.42
20	41	0.42
21	41	0.42
22	41	0.42
23	41	0.42
24	41	0.42
25	41	0.42
26	41	0.42
27	41	0.42
28	41	0.42
29	41	0.42
30	41	0.42
31	41	0.42
32	41	0.42
33	41	0.42
34	41	0.42
35	41	0.42
36	41	0.42
37	41	0.42
38	41	0.42
39	41	0.42
40	41	0.42
41	41	0.42
42	41	0.42
43	41	0.42
44	41	0.42
45	41	0.42
46	41	0.42
47	41	0.42
48	41	0.42
49	41	0.42
50	41	0.42
51	41	0.42
52	41	0.42
53	41	0.42
54	41	0.42
55	41	0.42
56	41	0.42
57	41	0.42
58	41	0.42
59	41	0.42
60	41	0.42
61	41	0.42
62	41	0.42
63	41	0.42
64	41	0.42
65	41	0.42
66	41	0.42
67	41	0.42
68	41	0.42
69	41	0.42
70	41	0.42
71	41	0.42
72	41	0.42
73	41	0.42
74	41	0.42
75	41	0.42
76	41	0.42
77	41	0.42
78	41	0.42
79	41	0.42
80	41	0.42
81	41	0.42
82	41	0.42
83	41	0.42
84	41	0.42
85	41	0.42
86	41	0.42
87	41	0.42
88	41	0.42
89	41	0.42
90	41	0.42
91	41	0.42
92	41	0.42
93	41	0.42
94	41	0.42
95	41	0.42
96	41	0.42
97	41	0.42
98	41	0.42
99	41	0.42
100	41	0.42
101	41	0.42
102	41	0.42
103	41	0.42
104	41	0.42
105	41	0.42
106	41	0.42
107	41	0.42
108	41	0.42
109	41	0.42
110	41	0.42
111	41	0.42
112	41	0.42
113	41	0.42
114	41	0.42
115	41	0.42
116	41	0.42
117	41	0.42
118	41	0.42
119	41	0.42
120	41	0.42
121	41	0.42
122	41	0.42
123	41	0.42
124	41	0.42
125	41	0.42
126	41	0.42
127	41	0.42
128	41	0.42
129	41	0.42
130	41	0.42
131	41	0.42
132	41	0.42
133	41	0.42
134	41	0.42
135	41	0.42
136	41	0.42
137	41	0.42
138	41	0.42
139	41	0.42
140	41	0.42
141	41	0.42
142	41	0.42
143	41	0.42
144	41	0.42
145	41	0.42
146	41	0.42
147	41	0.42
148	41	0.42
149	41	0.42
0	42	0.43
1	42	0.43
2	42	0.43
3	42	0.43
4	42	0.43
5	42	0.43
6	42	0.43
7	42	0.43
8	42	0.43
9	42	0.43
10	42	0.43
11	42	0.43
12	42	0.43
13	42	0.43
14	42	0.43
15	42	0.43
16	42	0.43
17	42	0.43
18	42	0.43
19	42	0.43
20	42	0.43
21	42	0.43
22	42	0.43
23	42	0.43
24	42	0.43
25	42	0.43
26	42	0.43
27	42	0.43
28	42	0.43
29	42	0.43
30	42	0.43
31	42	0.43
32	42	0.43
33	42	0.43
34	42	0.43
35	42	0.43
36	42	0.43
37	42	0.43
38	42	0.43
39	42	0.43
40	42	0.43
41	42	0.43
42	42	0.43
43	42	0.43
44	42	0.43
45	42	0.43
46	42	0.43
47	42	0.43
48	42	0.43
49	42	0.43
50	42	0.43
51	42	0.43
52	42	0.43
53	42	0.43
54	42	0.43
55	42	0.43
56	42	0.43
57	42	0.43
58	42	0.43
59	42	0.43
60	42	0.43
61	42	0.43
62	42	0.43
63	42	0.43
64	42	0.43
65	42	0.43
66	42	0.43
67	42	0.43
68	42	0.43
69	42	0.43
70	42	0.43
71	42	0.43
72	42	0.43
73	42	0.43
74	42	0.43
75	42	0.43
76	42	0.43
77	42	0.43
78	42	0.43
79	42	0.43
80	42	0.43
81	42	0.43
82	42	0.43
83	42	0.43
84	42	0.43
85	42	0.43
86	42	0.43
87	42	0.43
88	42	0.43
89	42	0.43
90	42	0.43
91	42	0.43
92	42	0.43
93	42	0.43
94	42	0.43
95	42	0.43
96	42	0.43
97	42	0.43
98	42	0.43
99	42	0.43
100	42	0.43
101	42	0.43
102	42	0.43
103	42	0.43
104	42	0.43
105	42	0.43
106	42	0.43
107	42	0.43
108	42	0.43
109	42	0.43
110	42	0.43
111	42	0.43
112	42	0.43
113	42	0.43
114	42	0.43
115	42	0.43
116	42	0.43
117	42	0.43
118	42	0.43
119	42	0.43
120	42	0.43
121	42	0.43
122	42	0.43
123	42	0.43
124	42	0.43
125	42	0.43
126	42	0.43
127	42	0.43
128	42	0.43
129	42	0.43
130	42	0.43
131	42	0.43
132	42	0.43
133	42	0.43
134	42	0.43
135	42	0.43
136	42	0.43
137	42	0.43
138	42	0.43
139	42	0.43
140	42	0.43
141	42	0.43
142	42	0.43
143	42	0.43
144	42	0.43
145	42	0.43
146	42	0.43
147	42	0.43
148	42	0.43
149	42	0.43
0	43	0.44
1	43	0.44
2	43	0.44
3	43	0.44
4	43	0.44
5	43	0.44
6	43	0.44
7	43	0.44
8	43	0.44
9	43	0.44
10	43	0.44
11	43	0.44
12	43	0.44
13	43	0.44
14	43	0.44
15	43	0.44
16	43	0.44
17	43	0.44
18	43	0.44
19	43	0.44
20	43	0.44
21	43	0.44
22	43	0.44
23	43	0.44
24	43	0.44
25	43	0.44
26	43	0.44
27	43	0.44
28	43	0.44
29	43	0.44
30	43	0.44
31	43	0.44
32	43	0.44
33	43	0.44
34	43	0.44
35	43	0.44
36	43	0.44
37	43	0.44
38	43	0.44
39	43	0.44
40	43	0.44
41	43	0.44
42	43	0.44
43	43	0.44
44	43	0.44
45	43	0.44
46	43	0.44
47	43	0.44
48	43	0.44
49	43	0.44
50	43	0.44
51	43	0.44
52	43	0.44
53	43	0.44
54	43	0.44
55	43	0.44
56	43	0.44
57	43	0.44
58	43	0.44
59	43	0.44
60	43	0.44
61	43	0.44
62	43	0.44
63	43	0.44
64	43	0.44
65	43	0.44
66	43	0.44
67	43	0.44
68	43	0.44
69	43	0.44
70	43	0.44
71	43	0.44
72	43	0.44
73	43	0.44
74	43	0.44
75	43	0.44
76	43	0.44
77	43	0.44
78	43	0.44
79	43	0.44
80	43	0.44
81	43	0.44
82	43	0.44
83	43	0.44
84	43	0.44
85	43	0.44
86	43	0.44
87	43	0.44
88	43	0.44
89	43	0.44
90	43	0.44
91	43	0.44
92	43	0.44
93	43	0.44
94	43	0.44
95	43	0.44
96	43	0.44
97	43	0.44
98	43	0.44
99	43	0.44
100	43	0.44
101	43	0.44
102	43	0.44
103	43	0.44
104	43	0.44
105	43	0.44
106	43	0.44
107	43	0.44
108	43	0.44
109	43	0.44
110	43	0.44
111	43	0.44
112	43	0.44
113	43	0.44
114	43	0.44
115	43	0.44
116	43	0.44
117	43	0.44
118	43	0.44
119	43	0.44
120	43	0.44
121	43	0.44
122	43	0.44
123	43	0.44
124	43	0.44
125	43	0.44
126	43	0.44
127	43	0.44
128	43	0.44
129	43	0.44
130	43	0.44
131	43	0.44
132	43	0.44
133	43	0.44
134	43	0.44
135	43	0.44
136	43	0.44
137	43	0.44
138	43	0.44
139	43	0.44
140	43	0.44
141	43	0.44
142	43	0.44
143	43	0.44
144	43	0.44
145	43	0.44
146	43	0.44
147	43	0.44
148	43	0.44
149	43	0.44
0	44	0.45
1	44	0.45
2	44	0.45
3	44	0.45
4	44	0.45
5	44	0.45
6	44	0.45
7	44	0.45
8	44	0.45
9	44	0.45
10	44	0.45
11	44	0.45
12	44	0.45
13	44	0.45
14	44	0.45
15	44	0.45
16	44	0.45
17	44	0.45
18	44	0.45
19	44	0.45
20	44	0.45
21	44	0.45
22	44	0.45
23	44	0.45
24	44	0.45
25	44	0.45
26	44	0.45
27	44	0.45
28	44	0.45
29	44	0.45
30	44	0.45
31	44	0.45
32	44	0.45
33	44	0.45
34	44	0.45
35	44	0.45
36	44	0.45
37	44	0.45
38	44	0.45
39	44	0.45
40	44	0.45
41	44	0.45
42	44	0.45
43	44	0.45
44	44	0.45
45	44	0.45
46	44	0.45
47	44	0.45
48	44	0.45
49	44	0.45
50	44	0.45
51	44	0.45
52	44	0.45
53	44	0.45
54	44	0.45
55	44	0.45
56	44	0.45
57	44	0.45
58	44	0.45
59	44	0.45
60	44	0.45
61	44	0.45
62	44	0.45
63	44	0.45
64	44	0.45
65	44	0.45
66	44	0.45
67	44	0.45
68	44	0.45
69	44	0.45
70	44	0.45
71	44	0.45
72	44	0.45
73	44	0.45
74	44	0.45
75	44	0.45
76	44	0.45
77	44	0.45
78	44	0.45
79	44	0.45
80	44	0.45
81	44	0.45
82	44	0.45
83	44	0.45
84	44	0.45
85	44	0.45
86	44	0.45
87	44	0.45
88	44	0.45
89	44	0.45
90	44	0.45
91	44	0.45
92	44	0.45
93	44	0.45
94	44	0.45
95	44	0.45
96	44	0.45
97	44	0.45
98	44	0.45
99	44	0.45
100	44	0.45
101	44	0.45
102	44	0.45
103	44	0.45
104	44	0.45
105	44	0.45
106	44	0.45
107	44	0.45
108	44	0.45
109	44	0.45
110	44	0.45
111	44	0.45
112	44	0.45
113	44	0.45
114	44	0.45
115	44	0.45
116	44	0.45
117	44	0.45
118	44	0.45
119	44	0.45
120	44	0.45
121	44	0.45
122	44	0.45
123	44	0.45
124	44	0.45
125	44	0.45
126	44	0.45
127	44	0.45
128	44	0.45
129	44	0.45
130	44	0.45
131	44	0.45
132	44	0.45
133	44	0.45
134	44	0.45
135	44	0.45
136	44	0.45
137	44	0.45
138	44	0.45
139	44	0.45
140	44	0.45
141	44	0.45
142	44	0.45
143	44	0.45
144	44	0.45
145	44	0.45
146	44	0.45
147	44	0.45
148	44	0.45
149	44	0.45
0	45	0.46
1	45	0.46
2	45	0.46
3	45	0.46
4	45	0.46
5	45	0.46
6	45	0.46
7	45	0.46
8	45	0.46
9	45	0.46
10	45	0.46
11	45	0.46
12	45	0.46
13	45	0.46
14	45	0.46
15	45	0.46
16	45	0.46
17	45	0.46
18	45	0.46
19	45	0.46
20	45	0.46
21	45	0.46
22	45	0.46
23	45	0.46
24	45	0.46
25	45	0.46
26	45	0.46
27	45	0.46
28	45	0.46
29	45	0.46
30	45	0.46
31	45	0.46
32	45	0.46
33	45	0.46
34	45	0.46
35	45	0.46
36	45	0.46
37	45	0.46
38	45	0.46
39	45	0.46
40	45	0.46
41	45	0.46
42	45	0.46
43	45	0.46
44	45	0.46
45	45	0.46
46	45	0.46
47	45	0.46
48	45	0.46
49	45	0.46
50	45	0.46
51	45	0.46
52	45	0.46
53	45	0.46
54	45	0.46
55	45	0.46
56	45	0.46
57	45	0.46
58	45	0.46
59	45	0.46
60	45	0.46
61	45	0.46
62	45	0.46
63	45	0.46
64	45	0.46
65	45	0.46
66	45	0.46
67	45	0.46
68	45	0.46
69	45	0.46
70	45	0.46
71	45	0.46
72	45	0.46
73	45	0.46
74	45	0.46
75	45	0.46
76	45	0.46
77	45	0.46
78	45	0.46
79	45	0.46
80	45	0.46
81	45	0.46
82	45	0.46
83	45	0.46
84	45	0.46
85	45	0.46
86	45	0.46
87	45	0.46
88	45	0.46
89	45	0.46
90	45	0.46
91	45	0.46
92	45	0.46
93	45	0.46
94	45	0.46
95	45	0.46
96	45	0.46
97	45	0.46
98	45	0.46
99	45	0.46
100	45	0.46
101	45	0.46
102	45	0.46
103	45	0.46
104	45	0.46
105	45	0.46
106	45	0.46
107	45	0.46
108	45	0.46
109	45	0.46
110	45	0.46
111	45	0.46
112	45	0.46
113	45	0.46
114	45	0.46
115	45	0.46
116	45	0.46
117	45	0.46
118	45	0.46
119	45	0.46
120	45	0.46
121	45	0.46
122	45	0.46
123	45	0.46
124	45	0.46
125	45	0.46
126	45	0.46
127	45	0.46
128	45	0.46
129	45	0.46
130	45	0.46
131	45	0.46
132	45	0.46
133	45	0.46
134	45	0.46
135	45	0.46
136	45	0.46
137	45	0.46
138	45	0.46
139	45	0.46
140	45	0.46
141	45	0.46
142	45	0.46
143	45	0.46
144	45	0.46
145	45	0.46
146	45	0.46
147	45	0.46
148	45	0.46
149	45	0.46
0	46	0.47000000000000003
1	46	0.47000000000000003
2	46	0.47000000000000003
3	46	0.47000000000000003
4	46	0.47000000000000003
5	46	0.47000000000000003
6	46	0.47000000000000003
7	46	0.47000000000000003
8	46	0.47000000000000003
9	46	0.47000000000000003
10	46	0.47000000000000003
11	46	0.47000000000000003
12	46	0.47000000000000003
13	46	0.47000000000000003
14	46	0.47000000000000003
15	46	0.47000000000000003
16	46	0.47000000000000003
17	46	0.47000000000000003
18	46	0.47000000000000003
19	46	0.47000000000000003
20	46	0.47000000000000003
21	46	0.47000000000000003
22	46	0.47000000000000003
23	46	0.47000000000000003
24	46	0.47000000000000003
25	46	0.47000000000000003
26	46	0.47000000000000003
27	46	0.47000000000000003
28	46	0.47000000000000003
29	46	0.47000000000000003
30	46	0.47000000000000003
31	46	0.47000000000000003
32	46	0.47000000000000003
33	46	0.47000000000000003
34	46	0.47000000000000003
35	46	0.47000000000000003
36	46	0.47000000000000003
37	46	0.47000000000000003
38	46	0.47000000000000003
39	46	0.47000000000000003
40	46	0.47000000000000003
41	46	0.47000000000000003
42	46	0.47000000000000003
43	46	0.47000000000000003
44	46	0.47000000000000003
45	46	0.47000000000000003
46	46	0.47000000000000003
47	46	0.47000000000000003
48	46	0.47000000000000003
49	46	0.47000000000000003
50	46	0.47000000000000003
51	46	0.47000000000000003
52	46	0.47000000000000003
53	46	0.47000000000000003
54	46	0.47000000000000003
55	46	0.47000000000000003
56	46	0.47000000000000003
57	46	0.47000000000000003
58	46	0.47000000000000003
59	46	0.47000000000000003
60	46	0.47000000000000003
61	46	0.47000000000000003
62	46	0.47000000000000003
63	46	0.47000000000000003
64	46	0.47000000000000003
65	46	0.47000000000000003
66	46	0.47000000000000003
67	46	0.47000000000000003
68	46	0.47000000000000003
69	46	0.47000000000000003
70	46	0.47000000000000003
71	46	0.47000000000000003
72	46	0.47000000000000003
73	46	0.47000000000000003
74	46	0.47000000000000003
75	46	0.47000000000000003
76	46	0.47000000000000003
77	46	0.47000000000000003
78	46	0.47000000000000003
79	46	0.47000000000000003
80	46	0.47000000000000003
81	46	0.47000000000000003
82	46	0.47000000000000003
83	46	0.47000000000000003
84	46	0.47000000000000003
85	46	0.47000000000000003
86	46	0.47000000000000003
87	46	0.47000000000000003
88	46	0.47000000000000003
89	46	0.47000000000000003
90	46	0.47000000000000003
91	46	0.47000000000000003
92	46	0.47000000000000003
93	46	0.47000000000000003
94	46	0.47000000000000003
95	46	0.47000000000000003
96	46	0.47000000000000003
97	46	0.47000000000000003
98	46	0.47000000000000003
99	46	0.47000000000000003
100	46	0.47000000000000003
101	46	0.47000000000000003
102	46	0.47000000000000003
103	46	0.47000000000000003
104	46	0.47000000000000003
105	46	0.47000000000000003
106	46	0.47000000000000003
107	46	0.47000000000000003
108	46	0.47000000000000003
109	46	0.47000000000000003
110	46	0.47000000000000003
111	46	0.47000000000000003
112	46	0.47000000000000003
113	46	0.47000000000000003
114	46	0.47000000000000003
115	46	0.47000000000000003
116	46	0.47000000000000003
117	46	0.47000000000000003
118	46	0.47000000000000003
119	46	0.47000000000000003
120	46	0.47000000000000003
121	46	0.47000000000000003
122	46	0.47000000000000003
123	46	0.47000000000000003
124	46	0.47000000000000003
125	46	0.47000000000000003
126	46	0.47000000000000003
127	46	0.47000000000000003
128	46	0.47000000000000003
129	46	0.47000000000000003
130	46	0.47000000000000003
131	46	0.47000000000000003
132	46	0.47000000000000003
133	46	0.47000000000000003
134	46	0.47000000000000003
135	46	0.47000000000000003
136	46	0.47000000000000003
137	46	0.47000000000000003
138	46	0.47000000000000003
139	46	0.47000000000000003
140	46	0.47000000000000003
141	46	0.47000000000000003
142	46	0.47000000000000003
143	46	0.47000000000000003
144	46	0.47000000000000003
145	46	0.47000000000000003
146	46	0.47000000000000003
147	46	0.47000000000000003
148	46	0.47000000000000003
149	46	0.47000000000000003
0	47	0.48
1	47	0.48
2	47	0.48
3	47	0.48
4	47	0.48
5	47	0.48
6	47	0.48
7	47	0.48
8	47	0.48
9	47	0.48
10	47	0.48
11	47	0.48
12	47	0.48
13	47	0.48
14	47	0.48
15	47	0.48
16	47	0.48
17	47	0.48
18	47	0.48
19	47	0.48
20	47	0.48
21	47	0.48
22	47	0.48
23	47	0.48
24	47	0.48
25	47	0.48
26	47	0.48
27	47	0.48
28	47	0.48
29	47	0.48
30	47	0.48
31	47	0.48
32	47	0.48
33	47	0.48
34	47	0.48
35	47	0.48
36	47	0.48
37	47	0.48
38	47	0.48
39	47	0.48
40	47	0.48
41	47	0.48
42	47	0.48
43	47	0.48
44	47	0.48
45	47	0.48
46	47	0.48
47	47	0.48
48	47	0.48
49	47	0.48
50	47	0.48
51	47	0.48
52	47	0.48
53	47	0.48
54	47	0.48
55	47	0.48
56	47	0.48
57	47	0.48
58	47	0.48
59	47	0.48
60	47	0.48
61	47	0.48
62	47	0.48
63	47	0.48
64	47	0.48
65	47	0.48
66	47	0.48
67	47	0.48
68	47	0.48
69	47	0.48
70	47	0.48
71	47	0.48
72	47	0.48
73	47	0.48
74	47	0.48
75	47	0.48
76	47	0.48
77	47	0.48
78	47	0.48
79	47	0.48
80	47	0.48
81	47	0.48
82	47	0.48
83	47	0.48
84	47	0.48
85	47	0.48
86	47	0.48
87	47	0.48
88	47	0.48
89	47	0.48
90	47	0.48
91	47	0.48
92	47	0.48
93	47	0.48
94	47	0.48
95	47	0.48
96	47	0.48
97	47	0.48
98	47	0.48
99	47	0.48
100	47	0.48
101	47	0.48
102	47	0.48
103	47	0.48
104	47	0.48
105	47	0.48
106	47	0.48
107	47	0.48
108	47	0.48
109	47	0.48
110	47	0.48
111	47	0.48
112	47	0.48
113	47	0.48
114	47	0.48
115	47	0.48
116	47	0.48
117	47	0.48
118	47	0.48
119	47	0.48
120	47	0.48
121	47	0.48
122	47	0.48
123	47	0.48
124	47	0.48
125	47	0.48
126	47	0.48
127	47	0.48
128	47	0.48
129	47	0.48
130	47	0.48
131	47	0.48
132	47	0.48
133	47	0.48
134	47	0.48
135	47	0.48
136	47	0.48
137	47	0.48
138	47	0.48
139	47	0.48
140	47	0.48
141	47	0.48
142	47	0.48
143	47	0.48
144	47	0.48
145	47	0.48
146	47	0.48
147	47	0.48
148	47	0.48
149	47	0.48
0	48	0.49
1	48	0.49
2	48	0.49
3	48	0.49
4	48	0.49
5	48	0.49
6	48	0.49
7	48	0.49
8	48	0.49
9	48	0.49
10	48	0.49
11	48	0.49
12	48	0.49
13	48	0.49
14	48	0.49
15	48	0.49
16	48	0.49
17	48	0.49
18	48	0.49
19	48	0.49
20	48	0.49
21	48	0.49
22	48	0.49
23	48	0.49
24	48	0.49
25	48	0.49
26	48	0.49
27	48	0.49
28	48	0.49
29	48	0.49
30	48	0.49
31	48	0.49
32	48	0.49
33	48	0.49
34	48	0.49
35	48	0.49
36	48	0.49
37	48	0.49
38	48	0.49
39	48	0.49
40	48	0.49
41	48	0.49
42	48	0.49
43	48	0.49
44	48	0.49
45	48	0.49
46	48	0.49
47	48	0.49
48	48	0.49
49	48	0.49
50	48	0.49
51	48	0.49
52	48	0.49
53	48	0.49
54	48	0.49
55	48	0.49
56	48	0.49
57	48	0.49
58	48	0.49
59	48	0.49
60	48	0.49
61	48	0.49
62	48	0.49
63	48	0.49
64	48	0.49
65	48	0.49
66	48	0.49
67	48	0.49
68	48	0.49
69	48	0.49
70	48	0.49
71	48	0.49
72	48	0.49
73	48	0.49
74	48	0.49
75	48	0.49
76	48	0.49
77	48	0.49
78	48	0.49
79	48	0.49
80	48	0.49
81	48	0.49
82	48	0.49
83	48	0.49
84	48	0.49
85	48	0.49
86	48	0.49
87	48	0.49
88	48	0.49
89	48	0.49
90	48	0.49
91	48	0.49
92	48	0.49
93	48	0.49
94	48	0.49
95	48	0.49
96	48	0.49
97	48	0.49
98	48	0.49
99	48	0.49
100	48	0.49
101	48	0.49
102	48	0.49
103	48	0.49
104	48	0.49
105	48	0.49
106	48	0.49
107	48	0.49
108	48	0.49
109	48	0.49
110	48	0.49
111	48	0.49
112	48	0.49
113	48	0.49
114	48	0.49
115	48	0.49
116	48	0.49
117	48	0.49
118	48	0.49
119	48	0.49
120	48	0.49
121	48	0.49
122	48	0.49
123	48	0.49
124	48	0.49
125	48	0.49
126	48	0.49
127	48	0.49
128	48	0.49
129	48	0.49
130	48	0.49
131	48	0.49
132	48	0.49
133	48	0.49
134	48	0.49
135	48	0.49
136	48	0.49
137	48	0.49
138	48	0.49
139	48	0.49
140	48	0.49
141	48	0.49
142	48	0.49
143	48	0.49
144	48	0.49
145	48	0.49
146	48	0.49
147	48	0.49
148	48	0.49
149	48	0.49
0	49	0.5
1	49	0.5
2	49	0.5
3	49	0.5
4	49	0.5
5	49	0.5
6	49	0.5
7	49	0.5
8	49	0.5
9	49	0.5
10	49	0.5
11	49	0.5
12	49	0.5
13	49	0.5
14	49	0.5
15	49	0.5
16	49	0.5
17	49	0.5
18	49	0.5
19	49	0.5
20	49	0.5
21	49	0.5
22	49	0.5
23	49	0.5
24	49	0.5
25	49	0.5
26	49	0.5
27	49	0.5
28	49	0.5
29	49	0.5
30	49	0.5
31	49	0.5
32	49	0.5
33	49	0.5
34	49	0.5
35	49	0.5
36	49	0.5
37	49	0.5
38	49	0.5
39	49	0.5
40	49	0.5
41	49	0.5
42	49	0.5
43	49	0.5
44	49	0.5
45	49	0.5
46	49	0.5
47	49	0.5
48	49	0.5
49	49	0.5
50	49	0.5
51	49	0.5
52	49	0.5
53	49	0.5
54	49	0.5
55	49	0.5
56	49	0.5
57	49	0.5
58	49	0.5
59	49	0.5
60	49	0.5
61	49	0.5
62	49	0.5
63	49	0.5
64	49	0.5
65	49	0.5
66	49	0.5
67	49	0.5
68	49	0.5
69	49	0.5
70	49	0.5
71	49	0.5
72	49	0.5
73	49	0.5
74	49	0.5
75	49	0.5
76	49	0.5
77	49	0.5
78	49	0.5
79	49	0.5
80	49	0.5
81	49	0.5
82	49	0.5
83	49	0.5
84	49	0.5
85	49	0.5
86	49	0.5
87	49	0.5
88	49	0.5
89	49	0.5
90	49	0.5
91	49	0.5
92	49	0.5
93	49	0.5
94	49	0.5
95	49	0.5
96	49	0.5
97	49	0.5
98	49	0.5
99	49	0.5
100	49	0.5
101	49	0.5
102	49	0.5
103	49	0.5
104	49	0.5
105	49	0.5
106	49	0.5
107	49	0.5
108	49	0.5
109	49	0.5
110	49	0.5
111	49	0.5
112	49	0.5
113	49	0.5
114	49	0.5
115	49	0.5
116	49	0.5
117	49	0.5
118	49	0.5
119	49	0.5
120	49	0.5
121	49	0.5
122	49	0.5
123	49	0.5
124	49	0.5
125	49	0.5
126	49	0.5
127	49	0.5
128	49	0.5
129	49	0.5
130	49	0.5
131	49	0.5
132	49	0.5
133	49	0.5
134	49	0.5
135	49	0.5
136	49	0.5
137	49	0.5
138	49	0.5
139	49	0.5
140	49	0.5
141	49	0.5
142	49	0.5
143	49	0.5
144	49	0.5
145	49	0.5
146	49	0.5
147	49	0.5
148	49	0.5
149	49	0.5
